0.000000000000000000e+00,0.000000000000000000e+00,0.000000000000000000e+00,0.000000000000000000e+00,0.000000000000000000e+00,0.000000000000000000e+00,0.000000000000000000e+00,0.000000000000000000e+00,0.000000000000000000e+00,1.000000000000000000e+00
0.000000000000000000e+00,0.000000000000000000e+00,0.000000000000000000e+00,0.000000000000000000e+00,0.000000000000000000e+00,0.000000000000000000e+00,0.000000000000000000e+00,0.000000000000000000e+00,4.472135954999579277e-01,8.944271909999158554e-01
0.000000000000000000e+00,0.000000000000000000e+00,0.000000000000000000e+00,0.000000000000000000e+00,0.000000000000000000e+00,0.000000000000000000e+00,0.000000000000000000e+00,0.000000000000000000e+00,8.944271909999158554e-01,4.472135954999579277e-01
0.000000000000000000e+00,0.000000000000000000e+00,0.000000000000000000e+00,0.000000000000000000e+00,0.000000000000000000e+00,0.000000000000000000e+00,0.000000000000000000e+00,0.000000000000000000e+00,1.000000000000000000e+00,0.000000000000000000e+00
0.000000000000000000e+00,0.000000000000000000e+00,0.000000000000000000e+00,0.000000000000000000e+00,0.000000000000000000e+00,0.000000000000000000e+00,0.000000000000000000e+00,4.472135954999579277e-01,0.000000000000000000e+00,8.944271909999158554e-01
0.000000000000000000e+00,0.000000000000000000e+00,0.000000000000000000e+00,0.000000000000000000e+00,0.000000000000000000e+00,0.000000000000000000e+00,0.000000000000000000e+00,5.773502691896257311e-01,5.773502691896257311e-01,5.773502691896257311e-01
0.000000000000000000e+00,0.000000000000000000e+00,0.000000000000000000e+00,0.000000000000000000e+00,0.000000000000000000e+00,0.000000000000000000e+00,0.000000000000000000e+00,4.472135954999579277e-01,8.944271909999158554e-01,0.000000000000000000e+00
0.000000000000000000e+00,0.000000000000000000e+00,0.000000000000000000e+00,0.000000000000000000e+00,0.000000000000000000e+00,0.000000000000000000e+00,0.000000000000000000e+00,8.944271909999158554e-01,0.000000000000000000e+00,4.472135954999579277e-01
0.000000000000000000e+00,0.000000000000000000e+00,0.000000000000000000e+00,0.000000000000000000e+00,0.000000000000000000e+00,0.000000000000000000e+00,0.000000000000000000e+00,8.944271909999158554e-01,4.472135954999579277e-01,0.000000000000000000e+00
0.000000000000000000e+00,0.000000000000000000e+00,0.000000000000000000e+00,0.000000000000000000e+00,0.000000000000000000e+00,0.000000000000000000e+00,0.000000000000000000e+00,1.000000000000000000e+00,0.000000000000000000e+00,0.000000000000000000e+00
0.000000000000000000e+00,0.000000000000000000e+00,0.000000000000000000e+00,0.000000000000000000e+00,0.000000000000000000e+00,0.000000000000000000e+00,4.472135954999579277e-01,0.000000000000000000e+00,0.000000000000000000e+00,8.944271909999158554e-01
0.000000000000000000e+00,0.000000000000000000e+00,0.000000000000000000e+00,0.000000000000000000e+00,0.000000000000000000e+00,0.000000000000000000e+00,5.773502691896257311e-01,0.000000000000000000e+00,5.773502691896257311e-01,5.773502691896257311e-01
0.000000000000000000e+00,0.000000000000000000e+00,0.000000000000000000e+00,0.000000000000000000e+00,0.000000000000000000e+00,0.000000000000000000e+00,4.472135954999579277e-01,0.000000000000000000e+00,8.944271909999158554e-01,0.000000000000000000e+00
0.000000000000000000e+00,0.000000000000000000e+00,0.000000000000000000e+00,0.000000000000000000e+00,0.000000000000000000e+00,0.000000000000000000e+00,5.773502691896257311e-01,5.773502691896257311e-01,0.000000000000000000e+00,5.773502691896257311e-01
0.000000000000000000e+00,0.000000000000000000e+00,0.000000000000000000e+00,0.000000000000000000e+00,0.000000000000000000e+00,0.000000000000000000e+00,5.773502691896257311e-01,5.773502691896257311e-01,5.773502691896257311e-01,0.000000000000000000e+00
0.000000000000000000e+00,0.000000000000000000e+00,0.000000000000000000e+00,0.000000000000000000e+00,0.000000000000000000e+00,0.000000000000000000e+00,4.472135954999579277e-01,8.944271909999158554e-01,0.000000000000000000e+00,0.000000000000000000e+00
0.000000000000000000e+00,0.000000000000000000e+00,0.000000000000000000e+00,0.000000000000000000e+00,0.000000000000000000e+00,0.000000000000000000e+00,8.944271909999158554e-01,0.000000000000000000e+00,0.000000000000000000e+00,4.472135954999579277e-01
0.000000000000000000e+00,0.000000000000000000e+00,0.000000000000000000e+00,0.000000000000000000e+00,0.000000000000000000e+00,0.000000000000000000e+00,8.944271909999158554e-01,0.000000000000000000e+00,4.472135954999579277e-01,0.000000000000000000e+00
0.000000000000000000e+00,0.000000000000000000e+00,0.000000000000000000e+00,0.000000000000000000e+00,0.000000000000000000e+00,0.000000000000000000e+00,8.944271909999158554e-01,4.472135954999579277e-01,0.000000000000000000e+00,0.000000000000000000e+00
0.000000000000000000e+00,0.000000000000000000e+00,0.000000000000000000e+00,0.000000000000000000e+00,0.000000000000000000e+00,0.000000000000000000e+00,1.000000000000000000e+00,0.000000000000000000e+00,0.000000000000000000e+00,0.000000000000000000e+00
0.000000000000000000e+00,0.000000000000000000e+00,0.000000000000000000e+00,0.000000000000000000e+00,0.000000000000000000e+00,4.472135954999579277e-01,0.000000000000000000e+00,0.000000000000000000e+00,0.000000000000000000e+00,8.944271909999158554e-01
0.000000000000000000e+00,0.000000000000000000e+00,0.000000000000000000e+00,0.000000000000000000e+00,0.000000000000000000e+00,5.773502691896257311e-01,0.000000000000000000e+00,0.000000000000000000e+00,5.773502691896257311e-01,5.773502691896257311e-01
0.000000000000000000e+00,0.000000000000000000e+00,0.000000000000000000e+00,0.000000000000000000e+00,0.000000000000000000e+00,4.472135954999579277e-01,0.000000000000000000e+00,0.000000000000000000e+00,8.944271909999158554e-01,0.000000000000000000e+00
0.000000000000000000e+00,0.000000000000000000e+00,0.000000000000000000e+00,0.000000000000000000e+00,0.000000000000000000e+00,5.773502691896257311e-01,0.000000000000000000e+00,5.773502691896257311e-01,0.000000000000000000e+00,5.773502691896257311e-01
0.000000000000000000e+00,0.000000000000000000e+00,0.000000000000000000e+00,0.000000000000000000e+00,0.000000000000000000e+00,5.773502691896257311e-01,0.000000000000000000e+00,5.773502691896257311e-01,5.773502691896257311e-01,0.000000000000000000e+00
0.000000000000000000e+00,0.000000000000000000e+00,0.000000000000000000e+00,0.000000000000000000e+00,0.000000000000000000e+00,4.472135954999579277e-01,0.000000000000000000e+00,8.944271909999158554e-01,0.000000000000000000e+00,0.000000000000000000e+00
0.000000000000000000e+00,0.000000000000000000e+00,0.000000000000000000e+00,0.000000000000000000e+00,0.000000000000000000e+00,5.773502691896257311e-01,5.773502691896257311e-01,0.000000000000000000e+00,0.000000000000000000e+00,5.773502691896257311e-01
0.000000000000000000e+00,0.000000000000000000e+00,0.000000000000000000e+00,0.000000000000000000e+00,0.000000000000000000e+00,5.773502691896257311e-01,5.773502691896257311e-01,0.000000000000000000e+00,5.773502691896257311e-01,0.000000000000000000e+00
0.000000000000000000e+00,0.000000000000000000e+00,0.000000000000000000e+00,0.000000000000000000e+00,0.000000000000000000e+00,5.773502691896257311e-01,5.773502691896257311e-01,5.773502691896257311e-01,0.000000000000000000e+00,0.000000000000000000e+00
0.000000000000000000e+00,0.000000000000000000e+00,0.000000000000000000e+00,0.000000000000000000e+00,0.000000000000000000e+00,4.472135954999579277e-01,8.944271909999158554e-01,0.000000000000000000e+00,0.000000000000000000e+00,0.000000000000000000e+00
0.000000000000000000e+00,0.000000000000000000e+00,0.000000000000000000e+00,0.000000000000000000e+00,0.000000000000000000e+00,8.944271909999158554e-01,0.000000000000000000e+00,0.000000000000000000e+00,0.000000000000000000e+00,4.472135954999579277e-01
0.000000000000000000e+00,0.000000000000000000e+00,0.000000000000000000e+00,0.000000000000000000e+00,0.000000000000000000e+00,8.944271909999158554e-01,0.000000000000000000e+00,0.000000000000000000e+00,4.472135954999579277e-01,0.000000000000000000e+00
0.000000000000000000e+00,0.000000000000000000e+00,0.000000000000000000e+00,0.000000000000000000e+00,0.000000000000000000e+00,8.944271909999158554e-01,0.000000000000000000e+00,4.472135954999579277e-01,0.000000000000000000e+00,0.000000000000000000e+00
0.000000000000000000e+00,0.000000000000000000e+00,0.000000000000000000e+00,0.000000000000000000e+00,0.000000000000000000e+00,8.944271909999158554e-01,4.472135954999579277e-01,0.000000000000000000e+00,0.000000000000000000e+00,0.000000000000000000e+00
0.000000000000000000e+00,0.000000000000000000e+00,0.000000000000000000e+00,0.000000000000000000e+00,0.000000000000000000e+00,1.000000000000000000e+00,0.000000000000000000e+00,0.000000000000000000e+00,0.000000000000000000e+00,0.000000000000000000e+00
0.000000000000000000e+00,0.000000000000000000e+00,0.000000000000000000e+00,0.000000000000000000e+00,4.472135954999579277e-01,0.000000000000000000e+00,0.000000000000000000e+00,0.000000000000000000e+00,0.000000000000000000e+00,8.944271909999158554e-01
0.000000000000000000e+00,0.000000000000000000e+00,0.000000000000000000e+00,0.000000000000000000e+00,5.773502691896257311e-01,0.000000000000000000e+00,0.000000000000000000e+00,0.000000000000000000e+00,5.773502691896257311e-01,5.773502691896257311e-01
0.000000000000000000e+00,0.000000000000000000e+00,0.000000000000000000e+00,0.000000000000000000e+00,4.472135954999579277e-01,0.000000000000000000e+00,0.000000000000000000e+00,0.000000000000000000e+00,8.944271909999158554e-01,0.000000000000000000e+00
0.000000000000000000e+00,0.000000000000000000e+00,0.000000000000000000e+00,0.000000000000000000e+00,5.773502691896257311e-01,0.000000000000000000e+00,0.000000000000000000e+00,5.773502691896257311e-01,0.000000000000000000e+00,5.773502691896257311e-01
0.000000000000000000e+00,0.000000000000000000e+00,0.000000000000000000e+00,0.000000000000000000e+00,5.773502691896257311e-01,0.000000000000000000e+00,0.000000000000000000e+00,5.773502691896257311e-01,5.773502691896257311e-01,0.000000000000000000e+00
0.000000000000000000e+00,0.000000000000000000e+00,0.000000000000000000e+00,0.000000000000000000e+00,4.472135954999579277e-01,0.000000000000000000e+00,0.000000000000000000e+00,8.944271909999158554e-01,0.000000000000000000e+00,0.000000000000000000e+00
0.000000000000000000e+00,0.000000000000000000e+00,0.000000000000000000e+00,0.000000000000000000e+00,5.773502691896257311e-01,0.000000000000000000e+00,5.773502691896257311e-01,0.000000000000000000e+00,0.000000000000000000e+00,5.773502691896257311e-01
0.000000000000000000e+00,0.000000000000000000e+00,0.000000000000000000e+00,0.000000000000000000e+00,5.773502691896257311e-01,0.000000000000000000e+00,5.773502691896257311e-01,0.000000000000000000e+00,5.773502691896257311e-01,0.000000000000000000e+00
0.000000000000000000e+00,0.000000000000000000e+00,0.000000000000000000e+00,0.000000000000000000e+00,5.773502691896257311e-01,0.000000000000000000e+00,5.773502691896257311e-01,5.773502691896257311e-01,0.000000000000000000e+00,0.000000000000000000e+00
0.000000000000000000e+00,0.000000000000000000e+00,0.000000000000000000e+00,0.000000000000000000e+00,4.472135954999579277e-01,0.000000000000000000e+00,8.944271909999158554e-01,0.000000000000000000e+00,0.000000000000000000e+00,0.000000000000000000e+00
0.000000000000000000e+00,0.000000000000000000e+00,0.000000000000000000e+00,0.000000000000000000e+00,5.773502691896257311e-01,5.773502691896257311e-01,0.000000000000000000e+00,0.000000000000000000e+00,0.000000000000000000e+00,5.773502691896257311e-01
0.000000000000000000e+00,0.000000000000000000e+00,0.000000000000000000e+00,0.000000000000000000e+00,5.773502691896257311e-01,5.773502691896257311e-01,0.000000000000000000e+00,0.000000000000000000e+00,5.773502691896257311e-01,0.000000000000000000e+00
0.000000000000000000e+00,0.000000000000000000e+00,0.000000000000000000e+00,0.000000000000000000e+00,5.773502691896257311e-01,5.773502691896257311e-01,0.000000000000000000e+00,5.773502691896257311e-01,0.000000000000000000e+00,0.000000000000000000e+00
0.000000000000000000e+00,0.000000000000000000e+00,0.000000000000000000e+00,0.000000000000000000e+00,5.773502691896257311e-01,5.773502691896257311e-01,5.773502691896257311e-01,0.000000000000000000e+00,0.000000000000000000e+00,0.000000000000000000e+00
0.000000000000000000e+00,0.000000000000000000e+00,0.000000000000000000e+00,0.000000000000000000e+00,4.472135954999579277e-01,8.944271909999158554e-01,0.000000000000000000e+00,0.000000000000000000e+00,0.000000000000000000e+00,0.000000000000000000e+00
0.000000000000000000e+00,0.000000000000000000e+00,0.000000000000000000e+00,0.000000000000000000e+00,8.944271909999158554e-01,0.000000000000000000e+00,0.000000000000000000e+00,0.000000000000000000e+00,0.000000000000000000e+00,4.472135954999579277e-01
0.000000000000000000e+00,0.000000000000000000e+00,0.000000000000000000e+00,0.000000000000000000e+00,8.944271909999158554e-01,0.000000000000000000e+00,0.000000000000000000e+00,0.000000000000000000e+00,4.472135954999579277e-01,0.000000000000000000e+00
0.000000000000000000e+00,0.000000000000000000e+00,0.000000000000000000e+00,0.000000000000000000e+00,8.944271909999158554e-01,0.000000000000000000e+00,0.000000000000000000e+00,4.472135954999579277e-01,0.000000000000000000e+00,0.000000000000000000e+00
0.000000000000000000e+00,0.000000000000000000e+00,0.000000000000000000e+00,0.000000000000000000e+00,8.944271909999158554e-01,0.000000000000000000e+00,4.472135954999579277e-01,0.000000000000000000e+00,0.000000000000000000e+00,0.000000000000000000e+00
0.000000000000000000e+00,0.000000000000000000e+00,0.000000000000000000e+00,0.000000000000000000e+00,8.944271909999158554e-01,4.472135954999579277e-01,0.000000000000000000e+00,0.000000000000000000e+00,0.000000000000000000e+00,0.000000000000000000e+00
0.000000000000000000e+00,0.000000000000000000e+00,0.000000000000000000e+00,0.000000000000000000e+00,1.000000000000000000e+00,0.000000000000000000e+00,0.000000000000000000e+00,0.000000000000000000e+00,0.000000000000000000e+00,0.000000000000000000e+00
0.000000000000000000e+00,0.000000000000000000e+00,0.000000000000000000e+00,4.472135954999579277e-01,0.000000000000000000e+00,0.000000000000000000e+00,0.000000000000000000e+00,0.000000000000000000e+00,0.000000000000000000e+00,8.944271909999158554e-01
0.000000000000000000e+00,0.000000000000000000e+00,0.000000000000000000e+00,5.773502691896257311e-01,0.000000000000000000e+00,0.000000000000000000e+00,0.000000000000000000e+00,0.000000000000000000e+00,5.773502691896257311e-01,5.773502691896257311e-01
0.000000000000000000e+00,0.000000000000000000e+00,0.000000000000000000e+00,4.472135954999579277e-01,0.000000000000000000e+00,0.000000000000000000e+00,0.000000000000000000e+00,0.000000000000000000e+00,8.944271909999158554e-01,0.000000000000000000e+00
0.000000000000000000e+00,0.000000000000000000e+00,0.000000000000000000e+00,5.773502691896257311e-01,0.000000000000000000e+00,0.000000000000000000e+00,0.000000000000000000e+00,5.773502691896257311e-01,0.000000000000000000e+00,5.773502691896257311e-01
0.000000000000000000e+00,0.000000000000000000e+00,0.000000000000000000e+00,5.773502691896257311e-01,0.000000000000000000e+00,0.000000000000000000e+00,0.000000000000000000e+00,5.773502691896257311e-01,5.773502691896257311e-01,0.000000000000000000e+00
0.000000000000000000e+00,0.000000000000000000e+00,0.000000000000000000e+00,4.472135954999579277e-01,0.000000000000000000e+00,0.000000000000000000e+00,0.000000000000000000e+00,8.944271909999158554e-01,0.000000000000000000e+00,0.000000000000000000e+00
0.000000000000000000e+00,0.000000000000000000e+00,0.000000000000000000e+00,5.773502691896257311e-01,0.000000000000000000e+00,0.000000000000000000e+00,5.773502691896257311e-01,0.000000000000000000e+00,0.000000000000000000e+00,5.773502691896257311e-01
0.000000000000000000e+00,0.000000000000000000e+00,0.000000000000000000e+00,5.773502691896257311e-01,0.000000000000000000e+00,0.000000000000000000e+00,5.773502691896257311e-01,0.000000000000000000e+00,5.773502691896257311e-01,0.000000000000000000e+00
0.000000000000000000e+00,0.000000000000000000e+00,0.000000000000000000e+00,5.773502691896257311e-01,0.000000000000000000e+00,0.000000000000000000e+00,5.773502691896257311e-01,5.773502691896257311e-01,0.000000000000000000e+00,0.000000000000000000e+00
0.000000000000000000e+00,0.000000000000000000e+00,0.000000000000000000e+00,4.472135954999579277e-01,0.000000000000000000e+00,0.000000000000000000e+00,8.944271909999158554e-01,0.000000000000000000e+00,0.000000000000000000e+00,0.000000000000000000e+00
0.000000000000000000e+00,0.000000000000000000e+00,0.000000000000000000e+00,5.773502691896257311e-01,0.000000000000000000e+00,5.773502691896257311e-01,0.000000000000000000e+00,0.000000000000000000e+00,0.000000000000000000e+00,5.773502691896257311e-01
0.000000000000000000e+00,0.000000000000000000e+00,0.000000000000000000e+00,5.773502691896257311e-01,0.000000000000000000e+00,5.773502691896257311e-01,0.000000000000000000e+00,0.000000000000000000e+00,5.773502691896257311e-01,0.000000000000000000e+00
0.000000000000000000e+00,0.000000000000000000e+00,0.000000000000000000e+00,5.773502691896257311e-01,0.000000000000000000e+00,5.773502691896257311e-01,0.000000000000000000e+00,5.773502691896257311e-01,0.000000000000000000e+00,0.000000000000000000e+00
0.000000000000000000e+00,0.000000000000000000e+00,0.000000000000000000e+00,5.773502691896257311e-01,0.000000000000000000e+00,5.773502691896257311e-01,5.773502691896257311e-01,0.000000000000000000e+00,0.000000000000000000e+00,0.000000000000000000e+00
0.000000000000000000e+00,0.000000000000000000e+00,0.000000000000000000e+00,4.472135954999579277e-01,0.000000000000000000e+00,8.944271909999158554e-01,0.000000000000000000e+00,0.000000000000000000e+00,0.000000000000000000e+00,0.000000000000000000e+00
0.000000000000000000e+00,0.000000000000000000e+00,0.000000000000000000e+00,5.773502691896257311e-01,5.773502691896257311e-01,0.000000000000000000e+00,0.000000000000000000e+00,0.000000000000000000e+00,0.000000000000000000e+00,5.773502691896257311e-01
0.000000000000000000e+00,0.000000000000000000e+00,0.000000000000000000e+00,5.773502691896257311e-01,5.773502691896257311e-01,0.000000000000000000e+00,0.000000000000000000e+00,0.000000000000000000e+00,5.773502691896257311e-01,0.000000000000000000e+00
0.000000000000000000e+00,0.000000000000000000e+00,0.000000000000000000e+00,5.773502691896257311e-01,5.773502691896257311e-01,0.000000000000000000e+00,0.000000000000000000e+00,5.773502691896257311e-01,0.000000000000000000e+00,0.000000000000000000e+00
0.000000000000000000e+00,0.000000000000000000e+00,0.000000000000000000e+00,5.773502691896257311e-01,5.773502691896257311e-01,0.000000000000000000e+00,5.773502691896257311e-01,0.000000000000000000e+00,0.000000000000000000e+00,0.000000000000000000e+00
0.000000000000000000e+00,0.000000000000000000e+00,0.000000000000000000e+00,5.773502691896257311e-01,5.773502691896257311e-01,5.773502691896257311e-01,0.000000000000000000e+00,0.000000000000000000e+00,0.000000000000000000e+00,0.000000000000000000e+00
0.000000000000000000e+00,0.000000000000000000e+00,0.000000000000000000e+00,4.472135954999579277e-01,8.944271909999158554e-01,0.000000000000000000e+00,0.000000000000000000e+00,0.000000000000000000e+00,0.000000000000000000e+00,0.000000000000000000e+00
0.000000000000000000e+00,0.000000000000000000e+00,0.000000000000000000e+00,8.944271909999158554e-01,0.000000000000000000e+00,0.000000000000000000e+00,0.000000000000000000e+00,0.000000000000000000e+00,0.000000000000000000e+00,4.472135954999579277e-01
0.000000000000000000e+00,0.000000000000000000e+00,0.000000000000000000e+00,8.944271909999158554e-01,0.000000000000000000e+00,0.000000000000000000e+00,0.000000000000000000e+00,0.000000000000000000e+00,4.472135954999579277e-01,0.000000000000000000e+00
0.000000000000000000e+00,0.000000000000000000e+00,0.000000000000000000e+00,8.944271909999158554e-01,0.000000000000000000e+00,0.000000000000000000e+00,0.000000000000000000e+00,4.472135954999579277e-01,0.000000000000000000e+00,0.000000000000000000e+00
0.000000000000000000e+00,0.000000000000000000e+00,0.000000000000000000e+00,8.944271909999158554e-01,0.000000000000000000e+00,0.000000000000000000e+00,4.472135954999579277e-01,0.000000000000000000e+00,0.000000000000000000e+00,0.000000000000000000e+00
0.000000000000000000e+00,0.000000000000000000e+00,0.000000000000000000e+00,8.944271909999158554e-01,0.000000000000000000e+00,4.472135954999579277e-01,0.000000000000000000e+00,0.000000000000000000e+00,0.000000000000000000e+00,0.000000000000000000e+00
0.000000000000000000e+00,0.000000000000000000e+00,0.000000000000000000e+00,8.944271909999158554e-01,4.472135954999579277e-01,0.000000000000000000e+00,0.000000000000000000e+00,0.000000000000000000e+00,0.000000000000000000e+00,0.000000000000000000e+00
0.000000000000000000e+00,0.000000000000000000e+00,0.000000000000000000e+00,1.000000000000000000e+00,0.000000000000000000e+00,0.000000000000000000e+00,0.000000000000000000e+00,0.000000000000000000e+00,0.000000000000000000e+00,0.000000000000000000e+00
0.000000000000000000e+00,0.000000000000000000e+00,4.472135954999579277e-01,0.000000000000000000e+00,0.000000000000000000e+00,0.000000000000000000e+00,0.000000000000000000e+00,0.000000000000000000e+00,0.000000000000000000e+00,8.944271909999158554e-01
0.000000000000000000e+00,0.000000000000000000e+00,5.773502691896257311e-01,0.000000000000000000e+00,0.000000000000000000e+00,0.000000000000000000e+00,0.000000000000000000e+00,0.000000000000000000e+00,5.773502691896257311e-01,5.773502691896257311e-01
0.000000000000000000e+00,0.000000000000000000e+00,4.472135954999579277e-01,0.000000000000000000e+00,0.000000000000000000e+00,0.000000000000000000e+00,0.000000000000000000e+00,0.000000000000000000e+00,8.944271909999158554e-01,0.000000000000000000e+00
0.000000000000000000e+00,0.000000000000000000e+00,5.773502691896257311e-01,0.000000000000000000e+00,0.000000000000000000e+00,0.000000000000000000e+00,0.000000000000000000e+00,5.773502691896257311e-01,0.000000000000000000e+00,5.773502691896257311e-01
0.000000000000000000e+00,0.000000000000000000e+00,5.773502691896257311e-01,0.000000000000000000e+00,0.000000000000000000e+00,0.000000000000000000e+00,0.000000000000000000e+00,5.773502691896257311e-01,5.773502691896257311e-01,0.000000000000000000e+00
0.000000000000000000e+00,0.000000000000000000e+00,4.472135954999579277e-01,0.000000000000000000e+00,0.000000000000000000e+00,0.000000000000000000e+00,0.000000000000000000e+00,8.944271909999158554e-01,0.000000000000000000e+00,0.000000000000000000e+00
0.000000000000000000e+00,0.000000000000000000e+00,5.773502691896257311e-01,0.000000000000000000e+00,0.000000000000000000e+00,0.000000000000000000e+00,5.773502691896257311e-01,0.000000000000000000e+00,0.000000000000000000e+00,5.773502691896257311e-01
0.000000000000000000e+00,0.000000000000000000e+00,5.773502691896257311e-01,0.000000000000000000e+00,0.000000000000000000e+00,0.000000000000000000e+00,5.773502691896257311e-01,0.000000000000000000e+00,5.773502691896257311e-01,0.000000000000000000e+00
0.000000000000000000e+00,0.000000000000000000e+00,5.773502691896257311e-01,0.000000000000000000e+00,0.000000000000000000e+00,0.000000000000000000e+00,5.773502691896257311e-01,5.773502691896257311e-01,0.000000000000000000e+00,0.000000000000000000e+00
0.000000000000000000e+00,0.000000000000000000e+00,4.472135954999579277e-01,0.000000000000000000e+00,0.000000000000000000e+00,0.000000000000000000e+00,8.944271909999158554e-01,0.000000000000000000e+00,0.000000000000000000e+00,0.000000000000000000e+00
0.000000000000000000e+00,0.000000000000000000e+00,5.773502691896257311e-01,0.000000000000000000e+00,0.000000000000000000e+00,5.773502691896257311e-01,0.000000000000000000e+00,0.000000000000000000e+00,0.000000000000000000e+00,5.773502691896257311e-01
0.000000000000000000e+00,0.000000000000000000e+00,5.773502691896257311e-01,0.000000000000000000e+00,0.000000000000000000e+00,5.773502691896257311e-01,0.000000000000000000e+00,0.000000000000000000e+00,5.773502691896257311e-01,0.000000000000000000e+00
0.000000000000000000e+00,0.000000000000000000e+00,5.773502691896257311e-01,0.000000000000000000e+00,0.000000000000000000e+00,5.773502691896257311e-01,0.000000000000000000e+00,5.773502691896257311e-01,0.000000000000000000e+00,0.000000000000000000e+00
0.000000000000000000e+00,0.000000000000000000e+00,5.773502691896257311e-01,0.000000000000000000e+00,0.000000000000000000e+00,5.773502691896257311e-01,5.773502691896257311e-01,0.000000000000000000e+00,0.000000000000000000e+00,0.000000000000000000e+00
0.000000000000000000e+00,0.000000000000000000e+00,4.472135954999579277e-01,0.000000000000000000e+00,0.000000000000000000e+00,8.944271909999158554e-01,0.000000000000000000e+00,0.000000000000000000e+00,0.000000000000000000e+00,0.000000000000000000e+00
0.000000000000000000e+00,0.000000000000000000e+00,5.773502691896257311e-01,0.000000000000000000e+00,5.773502691896257311e-01,0.000000000000000000e+00,0.000000000000000000e+00,0.000000000000000000e+00,0.000000000000000000e+00,5.773502691896257311e-01
0.000000000000000000e+00,0.000000000000000000e+00,5.773502691896257311e-01,0.000000000000000000e+00,5.773502691896257311e-01,0.000000000000000000e+00,0.000000000000000000e+00,0.000000000000000000e+00,5.773502691896257311e-01,0.000000000000000000e+00
0.000000000000000000e+00,0.000000000000000000e+00,5.773502691896257311e-01,0.000000000000000000e+00,5.773502691896257311e-01,0.000000000000000000e+00,0.000000000000000000e+00,5.773502691896257311e-01,0.000000000000000000e+00,0.000000000000000000e+00
0.000000000000000000e+00,0.000000000000000000e+00,5.773502691896257311e-01,0.000000000000000000e+00,5.773502691896257311e-01,0.000000000000000000e+00,5.773502691896257311e-01,0.000000000000000000e+00,0.000000000000000000e+00,0.000000000000000000e+00
0.000000000000000000e+00,0.000000000000000000e+00,5.773502691896257311e-01,0.000000000000000000e+00,5.773502691896257311e-01,5.773502691896257311e-01,0.000000000000000000e+00,0.000000000000000000e+00,0.000000000000000000e+00,0.000000000000000000e+00
0.000000000000000000e+00,0.000000000000000000e+00,4.472135954999579277e-01,0.000000000000000000e+00,8.944271909999158554e-01,0.000000000000000000e+00,0.000000000000000000e+00,0.000000000000000000e+00,0.000000000000000000e+00,0.000000000000000000e+00
0.000000000000000000e+00,0.000000000000000000e+00,5.773502691896257311e-01,5.773502691896257311e-01,0.000000000000000000e+00,0.000000000000000000e+00,0.000000000000000000e+00,0.000000000000000000e+00,0.000000000000000000e+00,5.773502691896257311e-01
0.000000000000000000e+00,0.000000000000000000e+00,5.773502691896257311e-01,5.773502691896257311e-01,0.000000000000000000e+00,0.000000000000000000e+00,0.000000000000000000e+00,0.000000000000000000e+00,5.773502691896257311e-01,0.000000000000000000e+00
0.000000000000000000e+00,0.000000000000000000e+00,5.773502691896257311e-01,5.773502691896257311e-01,0.000000000000000000e+00,0.000000000000000000e+00,0.000000000000000000e+00,5.773502691896257311e-01,0.000000000000000000e+00,0.000000000000000000e+00
0.000000000000000000e+00,0.000000000000000000e+00,5.773502691896257311e-01,5.773502691896257311e-01,0.000000000000000000e+00,0.000000000000000000e+00,5.773502691896257311e-01,0.000000000000000000e+00,0.000000000000000000e+00,0.000000000000000000e+00
0.000000000000000000e+00,0.000000000000000000e+00,5.773502691896257311e-01,5.773502691896257311e-01,0.000000000000000000e+00,5.773502691896257311e-01,0.000000000000000000e+00,0.000000000000000000e+00,0.000000000000000000e+00,0.000000000000000000e+00
0.000000000000000000e+00,0.000000000000000000e+00,5.773502691896257311e-01,5.773502691896257311e-01,5.773502691896257311e-01,0.000000000000000000e+00,0.000000000000000000e+00,0.000000000000000000e+00,0.000000000000000000e+00,0.000000000000000000e+00
0.000000000000000000e+00,0.000000000000000000e+00,4.472135954999579277e-01,8.944271909999158554e-01,0.000000000000000000e+00,0.000000000000000000e+00,0.000000000000000000e+00,0.000000000000000000e+00,0.000000000000000000e+00,0.000000000000000000e+00
0.000000000000000000e+00,0.000000000000000000e+00,8.944271909999158554e-01,0.000000000000000000e+00,0.000000000000000000e+00,0.000000000000000000e+00,0.000000000000000000e+00,0.000000000000000000e+00,0.000000000000000000e+00,4.472135954999579277e-01
0.000000000000000000e+00,0.000000000000000000e+00,8.944271909999158554e-01,0.000000000000000000e+00,0.000000000000000000e+00,0.000000000000000000e+00,0.000000000000000000e+00,0.000000000000000000e+00,4.472135954999579277e-01,0.000000000000000000e+00
0.000000000000000000e+00,0.000000000000000000e+00,8.944271909999158554e-01,0.000000000000000000e+00,0.000000000000000000e+00,0.000000000000000000e+00,0.000000000000000000e+00,4.472135954999579277e-01,0.000000000000000000e+00,0.000000000000000000e+00
0.000000000000000000e+00,0.000000000000000000e+00,8.944271909999158554e-01,0.000000000000000000e+00,0.000000000000000000e+00,0.000000000000000000e+00,4.472135954999579277e-01,0.000000000000000000e+00,0.000000000000000000e+00,0.000000000000000000e+00
0.000000000000000000e+00,0.000000000000000000e+00,8.944271909999158554e-01,0.000000000000000000e+00,0.000000000000000000e+00,4.472135954999579277e-01,0.000000000000000000e+00,0.000000000000000000e+00,0.000000000000000000e+00,0.000000000000000000e+00
0.000000000000000000e+00,0.000000000000000000e+00,8.944271909999158554e-01,0.000000000000000000e+00,4.472135954999579277e-01,0.000000000000000000e+00,0.000000000000000000e+00,0.000000000000000000e+00,0.000000000000000000e+00,0.000000000000000000e+00
0.000000000000000000e+00,0.000000000000000000e+00,8.944271909999158554e-01,4.472135954999579277e-01,0.000000000000000000e+00,0.000000000000000000e+00,0.000000000000000000e+00,0.000000000000000000e+00,0.000000000000000000e+00,0.000000000000000000e+00
0.000000000000000000e+00,0.000000000000000000e+00,1.000000000000000000e+00,0.000000000000000000e+00,0.000000000000000000e+00,0.000000000000000000e+00,0.000000000000000000e+00,0.000000000000000000e+00,0.000000000000000000e+00,0.000000000000000000e+00
0.000000000000000000e+00,4.472135954999579277e-01,0.000000000000000000e+00,0.000000000000000000e+00,0.000000000000000000e+00,0.000000000000000000e+00,0.000000000000000000e+00,0.000000000000000000e+00,0.000000000000000000e+00,8.944271909999158554e-01
0.000000000000000000e+00,5.773502691896257311e-01,0.000000000000000000e+00,0.000000000000000000e+00,0.000000000000000000e+00,0.000000000000000000e+00,0.000000000000000000e+00,0.000000000000000000e+00,5.773502691896257311e-01,5.773502691896257311e-01
0.000000000000000000e+00,4.472135954999579277e-01,0.000000000000000000e+00,0.000000000000000000e+00,0.000000000000000000e+00,0.000000000000000000e+00,0.000000000000000000e+00,0.000000000000000000e+00,8.944271909999158554e-01,0.000000000000000000e+00
0.000000000000000000e+00,5.773502691896257311e-01,0.000000000000000000e+00,0.000000000000000000e+00,0.000000000000000000e+00,0.000000000000000000e+00,0.000000000000000000e+00,5.773502691896257311e-01,0.000000000000000000e+00,5.773502691896257311e-01
0.000000000000000000e+00,5.773502691896257311e-01,0.000000000000000000e+00,0.000000000000000000e+00,0.000000000000000000e+00,0.000000000000000000e+00,0.000000000000000000e+00,5.773502691896257311e-01,5.773502691896257311e-01,0.000000000000000000e+00
0.000000000000000000e+00,4.472135954999579277e-01,0.000000000000000000e+00,0.000000000000000000e+00,0.000000000000000000e+00,0.000000000000000000e+00,0.000000000000000000e+00,8.944271909999158554e-01,0.000000000000000000e+00,0.000000000000000000e+00
0.000000000000000000e+00,5.773502691896257311e-01,0.000000000000000000e+00,0.000000000000000000e+00,0.000000000000000000e+00,0.000000000000000000e+00,5.773502691896257311e-01,0.000000000000000000e+00,0.000000000000000000e+00,5.773502691896257311e-01
0.000000000000000000e+00,5.773502691896257311e-01,0.000000000000000000e+00,0.000000000000000000e+00,0.000000000000000000e+00,0.000000000000000000e+00,5.773502691896257311e-01,0.000000000000000000e+00,5.773502691896257311e-01,0.000000000000000000e+00
0.000000000000000000e+00,5.773502691896257311e-01,0.000000000000000000e+00,0.000000000000000000e+00,0.000000000000000000e+00,0.000000000000000000e+00,5.773502691896257311e-01,5.773502691896257311e-01,0.000000000000000000e+00,0.000000000000000000e+00
0.000000000000000000e+00,4.472135954999579277e-01,0.000000000000000000e+00,0.000000000000000000e+00,0.000000000000000000e+00,0.000000000000000000e+00,8.944271909999158554e-01,0.000000000000000000e+00,0.000000000000000000e+00,0.000000000000000000e+00
0.000000000000000000e+00,5.773502691896257311e-01,0.000000000000000000e+00,0.000000000000000000e+00,0.000000000000000000e+00,5.773502691896257311e-01,0.000000000000000000e+00,0.000000000000000000e+00,0.000000000000000000e+00,5.773502691896257311e-01
0.000000000000000000e+00,5.773502691896257311e-01,0.000000000000000000e+00,0.000000000000000000e+00,0.000000000000000000e+00,5.773502691896257311e-01,0.000000000000000000e+00,0.000000000000000000e+00,5.773502691896257311e-01,0.000000000000000000e+00
0.000000000000000000e+00,5.773502691896257311e-01,0.000000000000000000e+00,0.000000000000000000e+00,0.000000000000000000e+00,5.773502691896257311e-01,0.000000000000000000e+00,5.773502691896257311e-01,0.000000000000000000e+00,0.000000000000000000e+00
0.000000000000000000e+00,5.773502691896257311e-01,0.000000000000000000e+00,0.000000000000000000e+00,0.000000000000000000e+00,5.773502691896257311e-01,5.773502691896257311e-01,0.000000000000000000e+00,0.000000000000000000e+00,0.000000000000000000e+00
0.000000000000000000e+00,4.472135954999579277e-01,0.000000000000000000e+00,0.000000000000000000e+00,0.000000000000000000e+00,8.944271909999158554e-01,0.000000000000000000e+00,0.000000000000000000e+00,0.000000000000000000e+00,0.000000000000000000e+00
0.000000000000000000e+00,5.773502691896257311e-01,0.000000000000000000e+00,0.000000000000000000e+00,5.773502691896257311e-01,0.000000000000000000e+00,0.000000000000000000e+00,0.000000000000000000e+00,0.000000000000000000e+00,5.773502691896257311e-01
0.000000000000000000e+00,5.773502691896257311e-01,0.000000000000000000e+00,0.000000000000000000e+00,5.773502691896257311e-01,0.000000000000000000e+00,0.000000000000000000e+00,0.000000000000000000e+00,5.773502691896257311e-01,0.000000000000000000e+00
0.000000000000000000e+00,5.773502691896257311e-01,0.000000000000000000e+00,0.000000000000000000e+00,5.773502691896257311e-01,0.000000000000000000e+00,0.000000000000000000e+00,5.773502691896257311e-01,0.000000000000000000e+00,0.000000000000000000e+00
0.000000000000000000e+00,5.773502691896257311e-01,0.000000000000000000e+00,0.000000000000000000e+00,5.773502691896257311e-01,0.000000000000000000e+00,5.773502691896257311e-01,0.000000000000000000e+00,0.000000000000000000e+00,0.000000000000000000e+00
0.000000000000000000e+00,5.773502691896257311e-01,0.000000000000000000e+00,0.000000000000000000e+00,5.773502691896257311e-01,5.773502691896257311e-01,0.000000000000000000e+00,0.000000000000000000e+00,0.000000000000000000e+00,0.000000000000000000e+00
0.000000000000000000e+00,4.472135954999579277e-01,0.000000000000000000e+00,0.000000000000000000e+00,8.944271909999158554e-01,0.000000000000000000e+00,0.000000000000000000e+00,0.000000000000000000e+00,0.000000000000000000e+00,0.000000000000000000e+00
0.000000000000000000e+00,5.773502691896257311e-01,0.000000000000000000e+00,5.773502691896257311e-01,0.000000000000000000e+00,0.000000000000000000e+00,0.000000000000000000e+00,0.000000000000000000e+00,0.000000000000000000e+00,5.773502691896257311e-01
0.000000000000000000e+00,5.773502691896257311e-01,0.000000000000000000e+00,5.773502691896257311e-01,0.000000000000000000e+00,0.000000000000000000e+00,0.000000000000000000e+00,0.000000000000000000e+00,5.773502691896257311e-01,0.000000000000000000e+00
0.000000000000000000e+00,5.773502691896257311e-01,0.000000000000000000e+00,5.773502691896257311e-01,0.000000000000000000e+00,0.000000000000000000e+00,0.000000000000000000e+00,5.773502691896257311e-01,0.000000000000000000e+00,0.000000000000000000e+00
0.000000000000000000e+00,5.773502691896257311e-01,0.000000000000000000e+00,5.773502691896257311e-01,0.000000000000000000e+00,0.000000000000000000e+00,5.773502691896257311e-01,0.000000000000000000e+00,0.000000000000000000e+00,0.000000000000000000e+00
0.000000000000000000e+00,5.773502691896257311e-01,0.000000000000000000e+00,5.773502691896257311e-01,0.000000000000000000e+00,5.773502691896257311e-01,0.000000000000000000e+00,0.000000000000000000e+00,0.000000000000000000e+00,0.000000000000000000e+00
0.000000000000000000e+00,5.773502691896257311e-01,0.000000000000000000e+00,5.773502691896257311e-01,5.773502691896257311e-01,0.000000000000000000e+00,0.000000000000000000e+00,0.000000000000000000e+00,0.000000000000000000e+00,0.000000000000000000e+00
0.000000000000000000e+00,4.472135954999579277e-01,0.000000000000000000e+00,8.944271909999158554e-01,0.000000000000000000e+00,0.000000000000000000e+00,0.000000000000000000e+00,0.000000000000000000e+00,0.000000000000000000e+00,0.000000000000000000e+00
0.000000000000000000e+00,5.773502691896257311e-01,5.773502691896257311e-01,0.000000000000000000e+00,0.000000000000000000e+00,0.000000000000000000e+00,0.000000000000000000e+00,0.000000000000000000e+00,0.000000000000000000e+00,5.773502691896257311e-01
0.000000000000000000e+00,5.773502691896257311e-01,5.773502691896257311e-01,0.000000000000000000e+00,0.000000000000000000e+00,0.000000000000000000e+00,0.000000000000000000e+00,0.000000000000000000e+00,5.773502691896257311e-01,0.000000000000000000e+00
0.000000000000000000e+00,5.773502691896257311e-01,5.773502691896257311e-01,0.000000000000000000e+00,0.000000000000000000e+00,0.000000000000000000e+00,0.000000000000000000e+00,5.773502691896257311e-01,0.000000000000000000e+00,0.000000000000000000e+00
0.000000000000000000e+00,5.773502691896257311e-01,5.773502691896257311e-01,0.000000000000000000e+00,0.000000000000000000e+00,0.000000000000000000e+00,5.773502691896257311e-01,0.000000000000000000e+00,0.000000000000000000e+00,0.000000000000000000e+00
0.000000000000000000e+00,5.773502691896257311e-01,5.773502691896257311e-01,0.000000000000000000e+00,0.000000000000000000e+00,5.773502691896257311e-01,0.000000000000000000e+00,0.000000000000000000e+00,0.000000000000000000e+00,0.000000000000000000e+00
0.000000000000000000e+00,5.773502691896257311e-01,5.773502691896257311e-01,0.000000000000000000e+00,5.773502691896257311e-01,0.000000000000000000e+00,0.000000000000000000e+00,0.000000000000000000e+00,0.000000000000000000e+00,0.000000000000000000e+00
0.000000000000000000e+00,5.773502691896257311e-01,5.773502691896257311e-01,5.773502691896257311e-01,0.000000000000000000e+00,0.000000000000000000e+00,0.000000000000000000e+00,0.000000000000000000e+00,0.000000000000000000e+00,0.000000000000000000e+00
0.000000000000000000e+00,4.472135954999579277e-01,8.944271909999158554e-01,0.000000000000000000e+00,0.000000000000000000e+00,0.000000000000000000e+00,0.000000000000000000e+00,0.000000000000000000e+00,0.000000000000000000e+00,0.000000000000000000e+00
0.000000000000000000e+00,8.944271909999158554e-01,0.000000000000000000e+00,0.000000000000000000e+00,0.000000000000000000e+00,0.000000000000000000e+00,0.000000000000000000e+00,0.000000000000000000e+00,0.000000000000000000e+00,4.472135954999579277e-01
0.000000000000000000e+00,8.944271909999158554e-01,0.000000000000000000e+00,0.000000000000000000e+00,0.000000000000000000e+00,0.000000000000000000e+00,0.000000000000000000e+00,0.000000000000000000e+00,4.472135954999579277e-01,0.000000000000000000e+00
0.000000000000000000e+00,8.944271909999158554e-01,0.000000000000000000e+00,0.000000000000000000e+00,0.000000000000000000e+00,0.000000000000000000e+00,0.000000000000000000e+00,4.472135954999579277e-01,0.000000000000000000e+00,0.000000000000000000e+00
0.000000000000000000e+00,8.944271909999158554e-01,0.000000000000000000e+00,0.000000000000000000e+00,0.000000000000000000e+00,0.000000000000000000e+00,4.472135954999579277e-01,0.000000000000000000e+00,0.000000000000000000e+00,0.000000000000000000e+00
0.000000000000000000e+00,8.944271909999158554e-01,0.000000000000000000e+00,0.000000000000000000e+00,0.000000000000000000e+00,4.472135954999579277e-01,0.000000000000000000e+00,0.000000000000000000e+00,0.000000000000000000e+00,0.000000000000000000e+00
0.000000000000000000e+00,8.944271909999158554e-01,0.000000000000000000e+00,0.000000000000000000e+00,4.472135954999579277e-01,0.000000000000000000e+00,0.000000000000000000e+00,0.000000000000000000e+00,0.000000000000000000e+00,0.000000000000000000e+00
0.000000000000000000e+00,8.944271909999158554e-01,0.000000000000000000e+00,4.472135954999579277e-01,0.000000000000000000e+00,0.000000000000000000e+00,0.000000000000000000e+00,0.000000000000000000e+00,0.000000000000000000e+00,0.000000000000000000e+00
0.000000000000000000e+00,8.944271909999158554e-01,4.472135954999579277e-01,0.000000000000000000e+00,0.000000000000000000e+00,0.000000000000000000e+00,0.000000000000000000e+00,0.000000000000000000e+00,0.000000000000000000e+00,0.000000000000000000e+00
0.000000000000000000e+00,1.000000000000000000e+00,0.000000000000000000e+00,0.000000000000000000e+00,0.000000000000000000e+00,0.000000000000000000e+00,0.000000000000000000e+00,0.000000000000000000e+00,0.000000000000000000e+00,0.000000000000000000e+00
4.472135954999579277e-01,0.000000000000000000e+00,0.000000000000000000e+00,0.000000000000000000e+00,0.000000000000000000e+00,0.000000000000000000e+00,0.000000000000000000e+00,0.000000000000000000e+00,0.000000000000000000e+00,8.944271909999158554e-01
5.773502691896257311e-01,0.000000000000000000e+00,0.000000000000000000e+00,0.000000000000000000e+00,0.000000000000000000e+00,0.000000000000000000e+00,0.000000000000000000e+00,0.000000000000000000e+00,5.773502691896257311e-01,5.773502691896257311e-01
4.472135954999579277e-01,0.000000000000000000e+00,0.000000000000000000e+00,0.000000000000000000e+00,0.000000000000000000e+00,0.000000000000000000e+00,0.000000000000000000e+00,0.000000000000000000e+00,8.944271909999158554e-01,0.000000000000000000e+00
5.773502691896257311e-01,0.000000000000000000e+00,0.000000000000000000e+00,0.000000000000000000e+00,0.000000000000000000e+00,0.000000000000000000e+00,0.000000000000000000e+00,5.773502691896257311e-01,0.000000000000000000e+00,5.773502691896257311e-01
5.773502691896257311e-01,0.000000000000000000e+00,0.000000000000000000e+00,0.000000000000000000e+00,0.000000000000000000e+00,0.000000000000000000e+00,0.000000000000000000e+00,5.773502691896257311e-01,5.773502691896257311e-01,0.000000000000000000e+00
4.472135954999579277e-01,0.000000000000000000e+00,0.000000000000000000e+00,0.000000000000000000e+00,0.000000000000000000e+00,0.000000000000000000e+00,0.000000000000000000e+00,8.944271909999158554e-01,0.000000000000000000e+00,0.000000000000000000e+00
5.773502691896257311e-01,0.000000000000000000e+00,0.000000000000000000e+00,0.000000000000000000e+00,0.000000000000000000e+00,0.000000000000000000e+00,5.773502691896257311e-01,0.000000000000000000e+00,0.000000000000000000e+00,5.773502691896257311e-01
5.773502691896257311e-01,0.000000000000000000e+00,0.000000000000000000e+00,0.000000000000000000e+00,0.000000000000000000e+00,0.000000000000000000e+00,5.773502691896257311e-01,0.000000000000000000e+00,5.773502691896257311e-01,0.000000000000000000e+00
5.773502691896257311e-01,0.000000000000000000e+00,0.000000000000000000e+00,0.000000000000000000e+00,0.000000000000000000e+00,0.000000000000000000e+00,5.773502691896257311e-01,5.773502691896257311e-01,0.000000000000000000e+00,0.000000000000000000e+00
4.472135954999579277e-01,0.000000000000000000e+00,0.000000000000000000e+00,0.000000000000000000e+00,0.000000000000000000e+00,0.000000000000000000e+00,8.944271909999158554e-01,0.000000000000000000e+00,0.000000000000000000e+00,0.000000000000000000e+00
5.773502691896257311e-01,0.000000000000000000e+00,0.000000000000000000e+00,0.000000000000000000e+00,0.000000000000000000e+00,5.773502691896257311e-01,0.000000000000000000e+00,0.000000000000000000e+00,0.000000000000000000e+00,5.773502691896257311e-01
5.773502691896257311e-01,0.000000000000000000e+00,0.000000000000000000e+00,0.000000000000000000e+00,0.000000000000000000e+00,5.773502691896257311e-01,0.000000000000000000e+00,0.000000000000000000e+00,5.773502691896257311e-01,0.000000000000000000e+00
5.773502691896257311e-01,0.000000000000000000e+00,0.000000000000000000e+00,0.000000000000000000e+00,0.000000000000000000e+00,5.773502691896257311e-01,0.000000000000000000e+00,5.773502691896257311e-01,0.000000000000000000e+00,0.000000000000000000e+00
5.773502691896257311e-01,0.000000000000000000e+00,0.000000000000000000e+00,0.000000000000000000e+00,0.000000000000000000e+00,5.773502691896257311e-01,5.773502691896257311e-01,0.000000000000000000e+00,0.000000000000000000e+00,0.000000000000000000e+00
4.472135954999579277e-01,0.000000000000000000e+00,0.000000000000000000e+00,0.000000000000000000e+00,0.000000000000000000e+00,8.944271909999158554e-01,0.000000000000000000e+00,0.000000000000000000e+00,0.000000000000000000e+00,0.000000000000000000e+00
5.773502691896257311e-01,0.000000000000000000e+00,0.000000000000000000e+00,0.000000000000000000e+00,5.773502691896257311e-01,0.000000000000000000e+00,0.000000000000000000e+00,0.000000000000000000e+00,0.000000000000000000e+00,5.773502691896257311e-01
5.773502691896257311e-01,0.000000000000000000e+00,0.000000000000000000e+00,0.000000000000000000e+00,5.773502691896257311e-01,0.000000000000000000e+00,0.000000000000000000e+00,0.000000000000000000e+00,5.773502691896257311e-01,0.000000000000000000e+00
5.773502691896257311e-01,0.000000000000000000e+00,0.000000000000000000e+00,0.000000000000000000e+00,5.773502691896257311e-01,0.000000000000000000e+00,0.000000000000000000e+00,5.773502691896257311e-01,0.000000000000000000e+00,0.000000000000000000e+00
5.773502691896257311e-01,0.000000000000000000e+00,0.000000000000000000e+00,0.000000000000000000e+00,5.773502691896257311e-01,0.000000000000000000e+00,5.773502691896257311e-01,0.000000000000000000e+00,0.000000000000000000e+00,0.000000000000000000e+00
5.773502691896257311e-01,0.000000000000000000e+00,0.000000000000000000e+00,0.000000000000000000e+00,5.773502691896257311e-01,5.773502691896257311e-01,0.000000000000000000e+00,0.000000000000000000e+00,0.000000000000000000e+00,0.000000000000000000e+00
4.472135954999579277e-01,0.000000000000000000e+00,0.000000000000000000e+00,0.000000000000000000e+00,8.944271909999158554e-01,0.000000000000000000e+00,0.000000000000000000e+00,0.000000000000000000e+00,0.000000000000000000e+00,0.000000000000000000e+00
5.773502691896257311e-01,0.000000000000000000e+00,0.000000000000000000e+00,5.773502691896257311e-01,0.000000000000000000e+00,0.000000000000000000e+00,0.000000000000000000e+00,0.000000000000000000e+00,0.000000000000000000e+00,5.773502691896257311e-01
5.773502691896257311e-01,0.000000000000000000e+00,0.000000000000000000e+00,5.773502691896257311e-01,0.000000000000000000e+00,0.000000000000000000e+00,0.000000000000000000e+00,0.000000000000000000e+00,5.773502691896257311e-01,0.000000000000000000e+00
5.773502691896257311e-01,0.000000000000000000e+00,0.000000000000000000e+00,5.773502691896257311e-01,0.000000000000000000e+00,0.000000000000000000e+00,0.000000000000000000e+00,5.773502691896257311e-01,0.000000000000000000e+00,0.000000000000000000e+00
5.773502691896257311e-01,0.000000000000000000e+00,0.000000000000000000e+00,5.773502691896257311e-01,0.000000000000000000e+00,0.000000000000000000e+00,5.773502691896257311e-01,0.000000000000000000e+00,0.000000000000000000e+00,0.000000000000000000e+00
5.773502691896257311e-01,0.000000000000000000e+00,0.000000000000000000e+00,5.773502691896257311e-01,0.000000000000000000e+00,5.773502691896257311e-01,0.000000000000000000e+00,0.000000000000000000e+00,0.000000000000000000e+00,0.000000000000000000e+00
5.773502691896257311e-01,0.000000000000000000e+00,0.000000000000000000e+00,5.773502691896257311e-01,5.773502691896257311e-01,0.000000000000000000e+00,0.000000000000000000e+00,0.000000000000000000e+00,0.000000000000000000e+00,0.000000000000000000e+00
4.472135954999579277e-01,0.000000000000000000e+00,0.000000000000000000e+00,8.944271909999158554e-01,0.000000000000000000e+00,0.000000000000000000e+00,0.000000000000000000e+00,0.000000000000000000e+00,0.000000000000000000e+00,0.000000000000000000e+00
5.773502691896257311e-01,0.000000000000000000e+00,5.773502691896257311e-01,0.000000000000000000e+00,0.000000000000000000e+00,0.000000000000000000e+00,0.000000000000000000e+00,0.000000000000000000e+00,0.000000000000000000e+00,5.773502691896257311e-01
5.773502691896257311e-01,0.000000000000000000e+00,5.773502691896257311e-01,0.000000000000000000e+00,0.000000000000000000e+00,0.000000000000000000e+00,0.000000000000000000e+00,0.000000000000000000e+00,5.773502691896257311e-01,0.000000000000000000e+00
5.773502691896257311e-01,0.000000000000000000e+00,5.773502691896257311e-01,0.000000000000000000e+00,0.000000000000000000e+00,0.000000000000000000e+00,0.000000000000000000e+00,5.773502691896257311e-01,0.000000000000000000e+00,0.000000000000000000e+00
5.773502691896257311e-01,0.000000000000000000e+00,5.773502691896257311e-01,0.000000000000000000e+00,0.000000000000000000e+00,0.000000000000000000e+00,5.773502691896257311e-01,0.000000000000000000e+00,0.000000000000000000e+00,0.000000000000000000e+00
5.773502691896257311e-01,0.000000000000000000e+00,5.773502691896257311e-01,0.000000000000000000e+00,0.000000000000000000e+00,5.773502691896257311e-01,0.000000000000000000e+00,0.000000000000000000e+00,0.000000000000000000e+00,0.000000000000000000e+00
5.773502691896257311e-01,0.000000000000000000e+00,5.773502691896257311e-01,0.000000000000000000e+00,5.773502691896257311e-01,0.000000000000000000e+00,0.000000000000000000e+00,0.000000000000000000e+00,0.000000000000000000e+00,0.000000000000000000e+00
5.773502691896257311e-01,0.000000000000000000e+00,5.773502691896257311e-01,5.773502691896257311e-01,0.000000000000000000e+00,0.000000000000000000e+00,0.000000000000000000e+00,0.000000000000000000e+00,0.000000000000000000e+00,0.000000000000000000e+00
4.472135954999579277e-01,0.000000000000000000e+00,8.944271909999158554e-01,0.000000000000000000e+00,0.000000000000000000e+00,0.000000000000000000e+00,0.000000000000000000e+00,0.000000000000000000e+00,0.000000000000000000e+00,0.000000000000000000e+00
5.773502691896257311e-01,5.773502691896257311e-01,0.000000000000000000e+00,0.000000000000000000e+00,0.000000000000000000e+00,0.000000000000000000e+00,0.000000000000000000e+00,0.000000000000000000e+00,0.000000000000000000e+00,5.773502691896257311e-01
5.773502691896257311e-01,5.773502691896257311e-01,0.000000000000000000e+00,0.000000000000000000e+00,0.000000000000000000e+00,0.000000000000000000e+00,0.000000000000000000e+00,0.000000000000000000e+00,5.773502691896257311e-01,0.000000000000000000e+00
5.773502691896257311e-01,5.773502691896257311e-01,0.000000000000000000e+00,0.000000000000000000e+00,0.000000000000000000e+00,0.000000000000000000e+00,0.000000000000000000e+00,5.773502691896257311e-01,0.000000000000000000e+00,0.000000000000000000e+00
5.773502691896257311e-01,5.773502691896257311e-01,0.000000000000000000e+00,0.000000000000000000e+00,0.000000000000000000e+00,0.000000000000000000e+00,5.773502691896257311e-01,0.000000000000000000e+00,0.000000000000000000e+00,0.000000000000000000e+00
5.773502691896257311e-01,5.773502691896257311e-01,0.000000000000000000e+00,0.000000000000000000e+00,0.000000000000000000e+00,5.773502691896257311e-01,0.000000000000000000e+00,0.000000000000000000e+00,0.000000000000000000e+00,0.000000000000000000e+00
5.773502691896257311e-01,5.773502691896257311e-01,0.000000000000000000e+00,0.000000000000000000e+00,5.773502691896257311e-01,0.000000000000000000e+00,0.000000000000000000e+00,0.000000000000000000e+00,0.000000000000000000e+00,0.000000000000000000e+00
5.773502691896257311e-01,5.773502691896257311e-01,0.000000000000000000e+00,5.773502691896257311e-01,0.000000000000000000e+00,0.000000000000000000e+00,0.000000000000000000e+00,0.000000000000000000e+00,0.000000000000000000e+00,0.000000000000000000e+00
5.773502691896257311e-01,5.773502691896257311e-01,5.773502691896257311e-01,0.000000000000000000e+00,0.000000000000000000e+00,0.000000000000000000e+00,0.000000000000000000e+00,0.000000000000000000e+00,0.000000000000000000e+00,0.000000000000000000e+00
4.472135954999579277e-01,8.944271909999158554e-01,0.000000000000000000e+00,0.000000000000000000e+00,0.000000000000000000e+00,0.000000000000000000e+00,0.000000000000000000e+00,0.000000000000000000e+00,0.000000000000000000e+00,0.000000000000000000e+00
8.944271909999158554e-01,0.000000000000000000e+00,0.000000000000000000e+00,0.000000000000000000e+00,0.000000000000000000e+00,0.000000000000000000e+00,0.000000000000000000e+00,0.000000000000000000e+00,0.000000000000000000e+00,4.472135954999579277e-01
8.944271909999158554e-01,0.000000000000000000e+00,0.000000000000000000e+00,0.000000000000000000e+00,0.000000000000000000e+00,0.000000000000000000e+00,0.000000000000000000e+00,0.000000000000000000e+00,4.472135954999579277e-01,0.000000000000000000e+00
8.944271909999158554e-01,0.000000000000000000e+00,0.000000000000000000e+00,0.000000000000000000e+00,0.000000000000000000e+00,0.000000000000000000e+00,0.000000000000000000e+00,4.472135954999579277e-01,0.000000000000000000e+00,0.000000000000000000e+00
8.944271909999158554e-01,0.000000000000000000e+00,0.000000000000000000e+00,0.000000000000000000e+00,0.000000000000000000e+00,0.000000000000000000e+00,4.472135954999579277e-01,0.000000000000000000e+00,0.000000000000000000e+00,0.000000000000000000e+00
8.944271909999158554e-01,0.000000000000000000e+00,0.000000000000000000e+00,0.000000000000000000e+00,0.000000000000000000e+00,4.472135954999579277e-01,0.000000000000000000e+00,0.000000000000000000e+00,0.000000000000000000e+00,0.000000000000000000e+00
8.944271909999158554e-01,0.000000000000000000e+00,0.000000000000000000e+00,0.000000000000000000e+00,4.472135954999579277e-01,0.000000000000000000e+00,0.000000000000000000e+00,0.000000000000000000e+00,0.000000000000000000e+00,0.000000000000000000e+00
8.944271909999158554e-01,0.000000000000000000e+00,0.000000000000000000e+00,4.472135954999579277e-01,0.000000000000000000e+00,0.000000000000000000e+00,0.000000000000000000e+00,0.000000000000000000e+00,0.000000000000000000e+00,0.000000000000000000e+00
8.944271909999158554e-01,0.000000000000000000e+00,4.472135954999579277e-01,0.000000000000000000e+00,0.000000000000000000e+00,0.000000000000000000e+00,0.000000000000000000e+00,0.000000000000000000e+00,0.000000000000000000e+00,0.000000000000000000e+00
8.944271909999158554e-01,4.472135954999579277e-01,0.000000000000000000e+00,0.000000000000000000e+00,0.000000000000000000e+00,0.000000000000000000e+00,0.000000000000000000e+00,0.000000000000000000e+00,0.000000000000000000e+00,0.000000000000000000e+00
1.000000000000000000e+00,0.000000000000000000e+00,0.000000000000000000e+00,0.000000000000000000e+00,0.000000000000000000e+00,0.000000000000000000e+00,0.000000000000000000e+00,0.000000000000000000e+00,0.000000000000000000e+00,0.000000000000000000e+00
0.000000000000000000e+00,0.000000000000000000e+00,0.000000000000000000e+00,0.000000000000000000e+00,0.000000000000000000e+00,0.000000000000000000e+00,0.000000000000000000e+00,0.000000000000000000e+00,0.000000000000000000e+00,1.000000000000000000e+00
0.000000000000000000e+00,0.000000000000000000e+00,0.000000000000000000e+00,0.000000000000000000e+00,0.000000000000000000e+00,0.000000000000000000e+00,0.000000000000000000e+00,0.000000000000000000e+00,7.071067811865474617e-01,7.071067811865474617e-01
0.000000000000000000e+00,0.000000000000000000e+00,0.000000000000000000e+00,0.000000000000000000e+00,0.000000000000000000e+00,0.000000000000000000e+00,0.000000000000000000e+00,0.000000000000000000e+00,1.000000000000000000e+00,0.000000000000000000e+00
0.000000000000000000e+00,0.000000000000000000e+00,0.000000000000000000e+00,0.000000000000000000e+00,0.000000000000000000e+00,0.000000000000000000e+00,0.000000000000000000e+00,7.071067811865474617e-01,0.000000000000000000e+00,7.071067811865474617e-01
0.000000000000000000e+00,0.000000000000000000e+00,0.000000000000000000e+00,0.000000000000000000e+00,0.000000000000000000e+00,0.000000000000000000e+00,0.000000000000000000e+00,7.071067811865474617e-01,7.071067811865474617e-01,0.000000000000000000e+00
0.000000000000000000e+00,0.000000000000000000e+00,0.000000000000000000e+00,0.000000000000000000e+00,0.000000000000000000e+00,0.000000000000000000e+00,0.000000000000000000e+00,1.000000000000000000e+00,0.000000000000000000e+00,0.000000000000000000e+00
0.000000000000000000e+00,0.000000000000000000e+00,0.000000000000000000e+00,0.000000000000000000e+00,0.000000000000000000e+00,0.000000000000000000e+00,7.071067811865474617e-01,0.000000000000000000e+00,0.000000000000000000e+00,7.071067811865474617e-01
0.000000000000000000e+00,0.000000000000000000e+00,0.000000000000000000e+00,0.000000000000000000e+00,0.000000000000000000e+00,0.000000000000000000e+00,7.071067811865474617e-01,0.000000000000000000e+00,7.071067811865474617e-01,0.000000000000000000e+00
0.000000000000000000e+00,0.000000000000000000e+00,0.000000000000000000e+00,0.000000000000000000e+00,0.000000000000000000e+00,0.000000000000000000e+00,7.071067811865474617e-01,7.071067811865474617e-01,0.000000000000000000e+00,0.000000000000000000e+00
0.000000000000000000e+00,0.000000000000000000e+00,0.000000000000000000e+00,0.000000000000000000e+00,0.000000000000000000e+00,0.000000000000000000e+00,1.000000000000000000e+00,0.000000000000000000e+00,0.000000000000000000e+00,0.000000000000000000e+00
0.000000000000000000e+00,0.000000000000000000e+00,0.000000000000000000e+00,0.000000000000000000e+00,0.000000000000000000e+00,7.071067811865474617e-01,0.000000000000000000e+00,0.000000000000000000e+00,0.000000000000000000e+00,7.071067811865474617e-01
0.000000000000000000e+00,0.000000000000000000e+00,0.000000000000000000e+00,0.000000000000000000e+00,0.000000000000000000e+00,7.071067811865474617e-01,0.000000000000000000e+00,0.000000000000000000e+00,7.071067811865474617e-01,0.000000000000000000e+00
0.000000000000000000e+00,0.000000000000000000e+00,0.000000000000000000e+00,0.000000000000000000e+00,0.000000000000000000e+00,7.071067811865474617e-01,0.000000000000000000e+00,7.071067811865474617e-01,0.000000000000000000e+00,0.000000000000000000e+00
0.000000000000000000e+00,0.000000000000000000e+00,0.000000000000000000e+00,0.000000000000000000e+00,0.000000000000000000e+00,7.071067811865474617e-01,7.071067811865474617e-01,0.000000000000000000e+00,0.000000000000000000e+00,0.000000000000000000e+00
0.000000000000000000e+00,0.000000000000000000e+00,0.000000000000000000e+00,0.000000000000000000e+00,0.000000000000000000e+00,1.000000000000000000e+00,0.000000000000000000e+00,0.000000000000000000e+00,0.000000000000000000e+00,0.000000000000000000e+00
0.000000000000000000e+00,0.000000000000000000e+00,0.000000000000000000e+00,0.000000000000000000e+00,7.071067811865474617e-01,0.000000000000000000e+00,0.000000000000000000e+00,0.000000000000000000e+00,0.000000000000000000e+00,7.071067811865474617e-01
0.000000000000000000e+00,0.000000000000000000e+00,0.000000000000000000e+00,0.000000000000000000e+00,7.071067811865474617e-01,0.000000000000000000e+00,0.000000000000000000e+00,0.000000000000000000e+00,7.071067811865474617e-01,0.000000000000000000e+00
0.000000000000000000e+00,0.000000000000000000e+00,0.000000000000000000e+00,0.000000000000000000e+00,7.071067811865474617e-01,0.000000000000000000e+00,0.000000000000000000e+00,7.071067811865474617e-01,0.000000000000000000e+00,0.000000000000000000e+00
0.000000000000000000e+00,0.000000000000000000e+00,0.000000000000000000e+00,0.000000000000000000e+00,7.071067811865474617e-01,0.000000000000000000e+00,7.071067811865474617e-01,0.000000000000000000e+00,0.000000000000000000e+00,0.000000000000000000e+00
0.000000000000000000e+00,0.000000000000000000e+00,0.000000000000000000e+00,0.000000000000000000e+00,7.071067811865474617e-01,7.071067811865474617e-01,0.000000000000000000e+00,0.000000000000000000e+00,0.000000000000000000e+00,0.000000000000000000e+00
0.000000000000000000e+00,0.000000000000000000e+00,0.000000000000000000e+00,0.000000000000000000e+00,1.000000000000000000e+00,0.000000000000000000e+00,0.000000000000000000e+00,0.000000000000000000e+00,0.000000000000000000e+00,0.000000000000000000e+00
0.000000000000000000e+00,0.000000000000000000e+00,0.000000000000000000e+00,7.071067811865474617e-01,0.000000000000000000e+00,0.000000000000000000e+00,0.000000000000000000e+00,0.000000000000000000e+00,0.000000000000000000e+00,7.071067811865474617e-01
0.000000000000000000e+00,0.000000000000000000e+00,0.000000000000000000e+00,7.071067811865474617e-01,0.000000000000000000e+00,0.000000000000000000e+00,0.000000000000000000e+00,0.000000000000000000e+00,7.071067811865474617e-01,0.000000000000000000e+00
0.000000000000000000e+00,0.000000000000000000e+00,0.000000000000000000e+00,7.071067811865474617e-01,0.000000000000000000e+00,0.000000000000000000e+00,0.000000000000000000e+00,7.071067811865474617e-01,0.000000000000000000e+00,0.000000000000000000e+00
0.000000000000000000e+00,0.000000000000000000e+00,0.000000000000000000e+00,7.071067811865474617e-01,0.000000000000000000e+00,0.000000000000000000e+00,7.071067811865474617e-01,0.000000000000000000e+00,0.000000000000000000e+00,0.000000000000000000e+00
0.000000000000000000e+00,0.000000000000000000e+00,0.000000000000000000e+00,7.071067811865474617e-01,0.000000000000000000e+00,7.071067811865474617e-01,0.000000000000000000e+00,0.000000000000000000e+00,0.000000000000000000e+00,0.000000000000000000e+00
0.000000000000000000e+00,0.000000000000000000e+00,0.000000000000000000e+00,7.071067811865474617e-01,7.071067811865474617e-01,0.000000000000000000e+00,0.000000000000000000e+00,0.000000000000000000e+00,0.000000000000000000e+00,0.000000000000000000e+00
0.000000000000000000e+00,0.000000000000000000e+00,0.000000000000000000e+00,1.000000000000000000e+00,0.000000000000000000e+00,0.000000000000000000e+00,0.000000000000000000e+00,0.000000000000000000e+00,0.000000000000000000e+00,0.000000000000000000e+00
0.000000000000000000e+00,0.000000000000000000e+00,7.071067811865474617e-01,0.000000000000000000e+00,0.000000000000000000e+00,0.000000000000000000e+00,0.000000000000000000e+00,0.000000000000000000e+00,0.000000000000000000e+00,7.071067811865474617e-01
0.000000000000000000e+00,0.000000000000000000e+00,7.071067811865474617e-01,0.000000000000000000e+00,0.000000000000000000e+00,0.000000000000000000e+00,0.000000000000000000e+00,0.000000000000000000e+00,7.071067811865474617e-01,0.000000000000000000e+00
0.000000000000000000e+00,0.000000000000000000e+00,7.071067811865474617e-01,0.000000000000000000e+00,0.000000000000000000e+00,0.000000000000000000e+00,0.000000000000000000e+00,7.071067811865474617e-01,0.000000000000000000e+00,0.000000000000000000e+00
0.000000000000000000e+00,0.000000000000000000e+00,7.071067811865474617e-01,0.000000000000000000e+00,0.000000000000000000e+00,0.000000000000000000e+00,7.071067811865474617e-01,0.000000000000000000e+00,0.000000000000000000e+00,0.000000000000000000e+00
0.000000000000000000e+00,0.000000000000000000e+00,7.071067811865474617e-01,0.000000000000000000e+00,0.000000000000000000e+00,7.071067811865474617e-01,0.000000000000000000e+00,0.000000000000000000e+00,0.000000000000000000e+00,0.000000000000000000e+00
0.000000000000000000e+00,0.000000000000000000e+00,7.071067811865474617e-01,0.000000000000000000e+00,7.071067811865474617e-01,0.000000000000000000e+00,0.000000000000000000e+00,0.000000000000000000e+00,0.000000000000000000e+00,0.000000000000000000e+00
0.000000000000000000e+00,0.000000000000000000e+00,7.071067811865474617e-01,7.071067811865474617e-01,0.000000000000000000e+00,0.000000000000000000e+00,0.000000000000000000e+00,0.000000000000000000e+00,0.000000000000000000e+00,0.000000000000000000e+00
0.000000000000000000e+00,0.000000000000000000e+00,1.000000000000000000e+00,0.000000000000000000e+00,0.000000000000000000e+00,0.000000000000000000e+00,0.000000000000000000e+00,0.000000000000000000e+00,0.000000000000000000e+00,0.000000000000000000e+00
0.000000000000000000e+00,7.071067811865474617e-01,0.000000000000000000e+00,0.000000000000000000e+00,0.000000000000000000e+00,0.000000000000000000e+00,0.000000000000000000e+00,0.000000000000000000e+00,0.000000000000000000e+00,7.071067811865474617e-01
0.000000000000000000e+00,7.071067811865474617e-01,0.000000000000000000e+00,0.000000000000000000e+00,0.000000000000000000e+00,0.000000000000000000e+00,0.000000000000000000e+00,0.000000000000000000e+00,7.071067811865474617e-01,0.000000000000000000e+00
0.000000000000000000e+00,7.071067811865474617e-01,0.000000000000000000e+00,0.000000000000000000e+00,0.000000000000000000e+00,0.000000000000000000e+00,0.000000000000000000e+00,7.071067811865474617e-01,0.000000000000000000e+00,0.000000000000000000e+00
0.000000000000000000e+00,7.071067811865474617e-01,0.000000000000000000e+00,0.000000000000000000e+00,0.000000000000000000e+00,0.000000000000000000e+00,7.071067811865474617e-01,0.000000000000000000e+00,0.000000000000000000e+00,0.000000000000000000e+00
0.000000000000000000e+00,7.071067811865474617e-01,0.000000000000000000e+00,0.000000000000000000e+00,0.000000000000000000e+00,7.071067811865474617e-01,0.000000000000000000e+00,0.000000000000000000e+00,0.000000000000000000e+00,0.000000000000000000e+00
0.000000000000000000e+00,7.071067811865474617e-01,0.000000000000000000e+00,0.000000000000000000e+00,7.071067811865474617e-01,0.000000000000000000e+00,0.000000000000000000e+00,0.000000000000000000e+00,0.000000000000000000e+00,0.000000000000000000e+00
0.000000000000000000e+00,7.071067811865474617e-01,0.000000000000000000e+00,7.071067811865474617e-01,0.000000000000000000e+00,0.000000000000000000e+00,0.000000000000000000e+00,0.000000000000000000e+00,0.000000000000000000e+00,0.000000000000000000e+00
0.000000000000000000e+00,7.071067811865474617e-01,7.071067811865474617e-01,0.000000000000000000e+00,0.000000000000000000e+00,0.000000000000000000e+00,0.000000000000000000e+00,0.000000000000000000e+00,0.000000000000000000e+00,0.000000000000000000e+00
0.000000000000000000e+00,1.000000000000000000e+00,0.000000000000000000e+00,0.000000000000000000e+00,0.000000000000000000e+00,0.000000000000000000e+00,0.000000000000000000e+00,0.000000000000000000e+00,0.000000000000000000e+00,0.000000000000000000e+00
7.071067811865474617e-01,0.000000000000000000e+00,0.000000000000000000e+00,0.000000000000000000e+00,0.000000000000000000e+00,0.000000000000000000e+00,0.000000000000000000e+00,0.000000000000000000e+00,0.000000000000000000e+00,7.071067811865474617e-01
7.071067811865474617e-01,0.000000000000000000e+00,0.000000000000000000e+00,0.000000000000000000e+00,0.000000000000000000e+00,0.000000000000000000e+00,0.000000000000000000e+00,0.000000000000000000e+00,7.071067811865474617e-01,0.000000000000000000e+00
7.071067811865474617e-01,0.000000000000000000e+00,0.000000000000000000e+00,0.000000000000000000e+00,0.000000000000000000e+00,0.000000000000000000e+00,0.000000000000000000e+00,7.071067811865474617e-01,0.000000000000000000e+00,0.000000000000000000e+00
7.071067811865474617e-01,0.000000000000000000e+00,0.000000000000000000e+00,0.000000000000000000e+00,0.000000000000000000e+00,0.000000000000000000e+00,7.071067811865474617e-01,0.000000000000000000e+00,0.000000000000000000e+00,0.000000000000000000e+00
7.071067811865474617e-01,0.000000000000000000e+00,0.000000000000000000e+00,0.000000000000000000e+00,0.000000000000000000e+00,7.071067811865474617e-01,0.000000000000000000e+00,0.000000000000000000e+00,0.000000000000000000e+00,0.000000000000000000e+00
7.071067811865474617e-01,0.000000000000000000e+00,0.000000000000000000e+00,0.000000000000000000e+00,7.071067811865474617e-01,0.000000000000000000e+00,0.000000000000000000e+00,0.000000000000000000e+00,0.000000000000000000e+00,0.000000000000000000e+00
7.071067811865474617e-01,0.000000000000000000e+00,0.000000000000000000e+00,7.071067811865474617e-01,0.000000000000000000e+00,0.000000000000000000e+00,0.000000000000000000e+00,0.000000000000000000e+00,0.000000000000000000e+00,0.000000000000000000e+00
7.071067811865474617e-01,0.000000000000000000e+00,7.071067811865474617e-01,0.000000000000000000e+00,0.000000000000000000e+00,0.000000000000000000e+00,0.000000000000000000e+00,0.000000000000000000e+00,0.000000000000000000e+00,0.000000000000000000e+00
7.071067811865474617e-01,7.071067811865474617e-01,0.000000000000000000e+00,0.000000000000000000e+00,0.000000000000000000e+00,0.000000000000000000e+00,0.000000000000000000e+00,0.000000000000000000e+00,0.000000000000000000e+00,0.000000000000000000e+00
1.000000000000000000e+00,0.000000000000000000e+00,0.000000000000000000e+00,0.000000000000000000e+00,0.000000000000000000e+00,0.000000000000000000e+00,0.000000000000000000e+00,0.000000000000000000e+00,0.000000000000000000e+00,0.000000000000000000e+00
