3.379661869519060599e-06,5.690497140526062881e-05,6.861867229184620554e-01,7.166255442880834492e-01,6.219141981047426881e-01,2.000000000000000000e+00,2.000000000000000000e+00,2.000000000000000000e+00,2.000000000000000000e+00,4.000000000000000000e+00
8.904259210010328376e-06,2.738151646432638187e-04,4.483445527899012628e-01,3.709434683161138557e-01,3.490400723110502756e-01,2.000000000000000000e+00,2.000000000000000000e+00,4.000000000000000000e+00,1.000000000000000000e+00,4.000000000000000000e+00
9.739011826266988776e-06,6.750229668933144668e-05,5.746077568720344697e-01,6.465782760483100855e-01,5.122014513091864840e-01,1.000000000000000000e+00,1.000000000000000000e+00,1.000000000000000000e+00,2.000000000000000000e+00,3.000000000000000000e+00
7.014107764915606301e-07,1.651017363105568140e-04,4.027312245710015226e-01,3.942381896796391394e-01,3.757510042270515438e-01,2.000000000000000000e+00,1.000000000000000000e+00,2.000000000000000000e+00,3.000000000000000000e+00,3.000000000000000000e+00
4.038725830310778792e-08,2.911941813883492641e-04,3.102434220715353796e-01,2.407708956243042320e-01,1.757634916027142891e-01,1.000000000000000000e+00,1.000000000000000000e+00,2.000000000000000000e+00,2.000000000000000000e+00,3.000000000000000000e+00
8.515045614395435614e-01,8.848715086945968533e-01,9.384708671668924307e-01,8.931793896482037587e-01,9.123999271938882938e-01,1.000000000000000000e+00,1.000000000000000000e+00,1.000000000000000000e+00,1.000000000000000000e+00,2.000000000000000000e+00
5.355259294979369811e-01,6.083057665767624966e-01,7.513105082218927144e-01,6.622131369076769136e-01,6.689048849408910646e-01,3.000000000000000000e+00,2.000000000000000000e+00,2.000000000000000000e+00,2.000000000000000000e+00,3.000000000000000000e+00
4.625885835935025781e-01,5.224828842698850950e-01,6.957326448957974474e-01,6.132871896643687926e-01,6.528425701152817950e-01,1.000000000000000000e+00,1.000000000000000000e+00,1.000000000000000000e+00,1.000000000000000000e+00,1.000000000000000000e+00
7.672436749539088829e-01,7.820504213803921578e-01,8.888628218020421246e-01,7.962923752485036033e-01,8.716345537641992935e-01,2.000000000000000000e+00,2.000000000000000000e+00,2.000000000000000000e+00,1.000000000000000000e+00,3.000000000000000000e+00
5.103831263545133279e-01,6.769695242823825510e-01,6.542913489182051734e-01,6.599081486740847602e-01,6.837715374913984068e-01,2.000000000000000000e+00,1.000000000000000000e+00,1.000000000000000000e+00,1.000000000000000000e+00,1.000000000000000000e+00
6.800887134845709557e-06,1.015323009852642352e-05,5.505046378949488561e-01,6.995901566954443318e-01,6.372927963233354642e-01,1.000000000000000000e+00,1.000000000000000000e+00,1.000000000000000000e+00,2.000000000000000000e+00,2.000000000000000000e+00
8.285392640123399044e-01,8.274658775872377747e-01,6.676535887670467240e-01,8.941188861971642865e-01,8.426182182365676843e-01,2.000000000000000000e+00,2.000000000000000000e+00,1.000000000000000000e+00,2.000000000000000000e+00,2.000000000000000000e+00
4.730095661126579830e-05,5.818649510872103692e-04,4.729818817716630042e-01,6.167432468509708166e-01,4.490985934483524011e-01,3.000000000000000000e+00,1.000000000000000000e+00,2.000000000000000000e+00,2.000000000000000000e+00,4.000000000000000000e+00
7.168889150531471577e-06,6.259561912986839199e-06,3.821020915240508908e-01,3.201984858729956529e-01,3.046007077728499213e-01,1.000000000000000000e+00,2.000000000000000000e+00,3.000000000000000000e+00,2.000000000000000000e+00,4.000000000000000000e+00
8.512424241229991917e-04,4.802913296433786172e-03,5.441836419693083515e-01,5.578984313991640631e-01,4.308882884467645225e-01,2.000000000000000000e+00,1.000000000000000000e+00,3.000000000000000000e+00,2.000000000000000000e+00,3.000000000000000000e+00
3.961662946769175121e-06,8.727942022964687262e-04,7.724575827709574405e-01,7.144163763660782429e-01,6.261818986693576949e-01,1.000000000000000000e+00,2.000000000000000000e+00,2.000000000000000000e+00,2.000000000000000000e+00,5.000000000000000000e+00
1.649005198171945885e-05,9.308145623892677737e-05,2.371267426610194629e-01,3.723170439663946452e-01,2.161831463460573421e-01,1.000000000000000000e+00,2.000000000000000000e+00,2.000000000000000000e+00,2.000000000000000000e+00,3.000000000000000000e+00
5.787689111665200725e-01,7.295914789967807845e-01,7.547998784502670810e-01,7.334084169223230587e-01,7.508950890972458936e-01,2.000000000000000000e+00,1.000000000000000000e+00,1.000000000000000000e+00,1.000000000000000000e+00,1.000000000000000000e+00
5.798038890828551839e-01,6.308082060713118278e-01,8.011047985882918665e-01,8.200520947751741563e-01,7.484804796606042698e-01,1.000000000000000000e+00,1.000000000000000000e+00,1.000000000000000000e+00,1.000000000000000000e+00,2.000000000000000000e+00
4.328085082309582887e-01,6.083235285316749286e-01,6.310284506727712461e-01,7.819616161433540213e-01,7.496117727419949750e-01,2.000000000000000000e+00,1.000000000000000000e+00,1.000000000000000000e+00,2.000000000000000000e+00,2.000000000000000000e+00
1.875276446033106927e-05,3.091639395560330126e-05,4.338634981156151982e-01,1.318071385391009209e-01,2.863329811263569669e-01,2.000000000000000000e+00,2.000000000000000000e+00,4.000000000000000000e+00,1.000000000000000000e+00,4.000000000000000000e+00
6.101280046694815273e-04,1.901797483542359032e-06,6.825748798927988581e-01,6.277987104879145797e-01,6.616353839422394190e-01,1.000000000000000000e+00,1.000000000000000000e+00,2.000000000000000000e+00,1.000000000000000000e+00,2.000000000000000000e+00
6.817067973184137708e-01,7.773268369184584969e-01,8.576431517790314984e-01,8.671175036534577441e-01,8.062282115911009184e-01,1.000000000000000000e+00,1.000000000000000000e+00,1.000000000000000000e+00,1.000000000000000000e+00,2.000000000000000000e+00
7.256530655822798215e-01,7.776447779110311487e-01,7.714105577371221933e-01,7.736242187721255048e-01,8.067373667887357547e-01,1.000000000000000000e+00,1.000000000000000000e+00,1.000000000000000000e+00,1.000000000000000000e+00,1.000000000000000000e+00
5.869355188149479874e-01,7.688603032234272439e-01,7.600305438861729712e-01,7.523571089293592529e-01,7.679864907149880349e-01,2.000000000000000000e+00,1.000000000000000000e+00,1.000000000000000000e+00,1.000000000000000000e+00,1.000000000000000000e+00
4.340470283842011723e-01,6.225879363028775648e-01,6.088934965401718857e-01,6.173616684548002276e-01,6.179434952158062710e-01,2.000000000000000000e+00,1.000000000000000000e+00,1.000000000000000000e+00,1.000000000000000000e+00,1.000000000000000000e+00
4.954338358532251602e-04,1.849959467616415186e-03,7.473620746822866590e-01,6.993622581880918343e-01,6.256336306383490919e-01,2.000000000000000000e+00,2.000000000000000000e+00,3.000000000000000000e+00,1.000000000000000000e+00,5.000000000000000000e+00
1.587869868117233795e-13,3.310223141023827189e-10,2.794341085958405857e-03,5.378770453038283703e-06,4.567753760597974277e-05,1.000000000000000000e+00,2.000000000000000000e+00,1.000000000000000000e+00,1.000000000000000000e+00,1.000000000000000000e+00
1.337279166249639681e-07,5.778718346080113748e-07,2.624321783109160311e-01,2.255263204437244883e-04,1.204245024725643931e-01,2.000000000000000000e+00,1.000000000000000000e+00,2.000000000000000000e+00,1.000000000000000000e+00,1.000000000000000000e+00
2.228103916252624820e-05,1.752250266986905846e-04,4.483432727791930028e-01,5.273050450843465020e-01,4.193262787525550150e-01,2.000000000000000000e+00,1.000000000000000000e+00,1.000000000000000000e+00,2.000000000000000000e+00,2.000000000000000000e+00
5.867515038943706129e-04,6.199496834684320445e-02,8.201886857357382210e-01,7.633212733946957984e-01,6.960569714611594128e-01,1.000000000000000000e+00,1.000000000000000000e+00,2.000000000000000000e+00,2.000000000000000000e+00,5.000000000000000000e+00
3.892781496920476661e-06,1.231049616749876549e-05,6.806680292991078574e-01,6.734578745680157574e-01,5.316219087556033340e-01,1.000000000000000000e+00,2.000000000000000000e+00,2.000000000000000000e+00,2.000000000000000000e+00,5.000000000000000000e+00
6.255138368730053244e-01,7.931616986983209827e-01,7.799428133772577931e-01,7.450680925736271609e-01,7.818812474923793054e-01,2.000000000000000000e+00,1.000000000000000000e+00,1.000000000000000000e+00,1.000000000000000000e+00,1.000000000000000000e+00
6.899657655204713969e-01,8.371520211996208438e-01,7.974824186184295005e-01,7.812233470357129450e-01,8.218058532107043179e-01,2.000000000000000000e+00,1.000000000000000000e+00,1.000000000000000000e+00,1.000000000000000000e+00,1.000000000000000000e+00
3.523499603463483467e-07,1.819062243259787076e-04,2.691158673110483068e-01,2.729823136047598853e-01,2.570262091312370267e-01,1.000000000000000000e+00,1.000000000000000000e+00,3.000000000000000000e+00,2.000000000000000000e+00,3.000000000000000000e+00
4.392233589202665933e-01,5.847316623323629559e-01,7.172158576993061807e-01,8.010607263555915569e-01,7.502104382048362385e-01,1.000000000000000000e+00,2.000000000000000000e+00,2.000000000000000000e+00,2.000000000000000000e+00,4.000000000000000000e+00
3.261927308997822562e-08,1.079702230350157335e-06,2.275655237419073607e-01,4.619596722575203263e-02,1.004164755181601032e-01,2.000000000000000000e+00,1.000000000000000000e+00,2.000000000000000000e+00,1.000000000000000000e+00,2.000000000000000000e+00
4.644912651964659966e-01,6.313496561992245626e-01,7.594179747166529548e-01,7.521499940227331926e-01,6.740466268731455379e-01,2.000000000000000000e+00,1.000000000000000000e+00,1.000000000000000000e+00,1.000000000000000000e+00,2.000000000000000000e+00
7.825635426312432807e-01,9.011580814517053950e-01,9.314623496456799767e-01,9.008083183194325327e-01,8.799246087057167598e-01,2.000000000000000000e+00,1.000000000000000000e+00,1.000000000000000000e+00,1.000000000000000000e+00,2.000000000000000000e+00
5.577474949857723630e-01,7.759239260959021056e-01,8.271988509307147686e-01,8.609125455559885065e-01,7.566143989350887500e-01,4.000000000000000000e+00,2.000000000000000000e+00,2.000000000000000000e+00,1.000000000000000000e+00,5.000000000000000000e+00
1.932311314127461706e-04,8.969798730217408422e-03,6.923742978041197427e-01,7.089382892271638426e-01,5.838225264836317541e-01,2.000000000000000000e+00,2.000000000000000000e+00,2.000000000000000000e+00,2.000000000000000000e+00,5.000000000000000000e+00
2.680321441430675776e-09,4.097636522593421628e-08,1.913296617316734283e-06,1.912896819677295523e-07,5.557767066073868189e-08,1.000000000000000000e+00,1.000000000000000000e+00,1.000000000000000000e+00,1.000000000000000000e+00,1.000000000000000000e+00
1.076168790634135066e-08,2.172956697142159372e-07,1.346949135320205104e-01,1.275698091572630144e-06,1.032919425449418949e-01,2.000000000000000000e+00,3.000000000000000000e+00,4.000000000000000000e+00,2.000000000000000000e+00,2.000000000000000000e+00
3.415397778028568870e-06,4.456434716252672843e-07,2.198625528760486114e-01,4.057664220853577364e-01,2.951942128459016379e-01,1.000000000000000000e+00,2.000000000000000000e+00,3.000000000000000000e+00,2.000000000000000000e+00,3.000000000000000000e+00
7.215767848860104028e-01,7.153126793853139542e-01,8.058828784722062988e-01,7.939207683358022738e-01,8.237086600793491753e-01,2.000000000000000000e+00,2.000000000000000000e+00,3.000000000000000000e+00,2.000000000000000000e+00,4.000000000000000000e+00
2.001852937877013962e-05,7.966387806563265408e-05,6.516474167862184030e-01,5.613515227931875629e-01,5.681541811403370001e-01,2.000000000000000000e+00,1.000000000000000000e+00,2.000000000000000000e+00,2.000000000000000000e+00,3.000000000000000000e+00
7.126314428998976602e-01,7.776998980098691616e-01,8.207052516960179345e-01,7.569322054658829124e-01,7.881222356332439061e-01,3.000000000000000000e+00,2.000000000000000000e+00,2.000000000000000000e+00,2.000000000000000000e+00,3.000000000000000000e+00
6.681489489937897375e-01,8.192449421436955870e-01,7.611312112810710850e-01,7.712223542110939745e-01,7.947359023164636271e-01,2.000000000000000000e+00,1.000000000000000000e+00,1.000000000000000000e+00,1.000000000000000000e+00,1.000000000000000000e+00
6.112422968371911125e-01,7.605944986778060413e-01,8.808702777787268401e-01,7.451343915936551321e-01,7.469607904453658964e-01,4.000000000000000000e+00,2.000000000000000000e+00,1.000000000000000000e+00,2.000000000000000000e+00,3.000000000000000000e+00
2.265484541167036051e-05,1.673688795345815465e-06,6.234588093043186285e-01,6.480001475780433617e-01,5.440685758308209108e-01,2.000000000000000000e+00,1.000000000000000000e+00,1.000000000000000000e+00,2.000000000000000000e+00,3.000000000000000000e+00
6.488386674083183869e-07,6.908421960506553076e-04,6.732524528337364700e-01,6.953343510431163610e-01,5.371092067371535661e-01,3.000000000000000000e+00,1.000000000000000000e+00,2.000000000000000000e+00,2.000000000000000000e+00,5.000000000000000000e+00
3.040394877737955101e-04,3.239771279218706113e-04,6.338692255357495364e-01,6.731006333232670835e-01,6.644648800358342600e-01,2.000000000000000000e+00,1.000000000000000000e+00,2.000000000000000000e+00,2.000000000000000000e+00,3.000000000000000000e+00
2.200396919904094167e-05,4.138093733014996652e-05,7.266053753505173907e-01,7.388769248044461113e-01,6.416188486929308432e-01,2.000000000000000000e+00,1.000000000000000000e+00,1.000000000000000000e+00,1.000000000000000000e+00,2.000000000000000000e+00
1.483531629595915343e-06,2.062731984645363448e-05,2.171185637786468559e-01,4.293384920457185006e-01,2.731370084787466679e-01,1.000000000000000000e+00,1.000000000000000000e+00,3.000000000000000000e+00,2.000000000000000000e+00,4.000000000000000000e+00
4.285277324007954469e-01,6.094978205292722606e-01,7.392783987187326877e-01,7.381801770847363775e-01,6.434896895129711414e-01,2.000000000000000000e+00,1.000000000000000000e+00,1.000000000000000000e+00,1.000000000000000000e+00,2.000000000000000000e+00
2.557272734421635260e-06,1.125585870203685821e-05,5.693116348787172765e-01,6.425533784884311927e-01,5.922064685942384221e-01,2.000000000000000000e+00,1.000000000000000000e+00,1.000000000000000000e+00,2.000000000000000000e+00,2.000000000000000000e+00
5.497502301896700638e-01,6.516161733787948496e-01,6.956109091582785009e-01,7.641902334684005371e-01,7.394033801392098093e-01,2.000000000000000000e+00,2.000000000000000000e+00,1.000000000000000000e+00,2.000000000000000000e+00,2.000000000000000000e+00
9.009653180635943332e-05,4.182320544387257608e-05,5.932996494209817895e-01,5.275490240255259478e-01,4.158416689933623900e-01,1.000000000000000000e+00,1.000000000000000000e+00,2.000000000000000000e+00,1.000000000000000000e+00,3.000000000000000000e+00
4.657499054126407190e-01,6.502821116459909234e-01,6.495939372883310359e-01,6.784071875897325077e-01,6.471865295989915889e-01,2.000000000000000000e+00,1.000000000000000000e+00,1.000000000000000000e+00,1.000000000000000000e+00,1.000000000000000000e+00
5.636554684050042452e-01,7.228432472100648765e-01,7.127185188461021559e-01,7.404238944304522008e-01,7.156618472025018107e-01,2.000000000000000000e+00,1.000000000000000000e+00,1.000000000000000000e+00,1.000000000000000000e+00,1.000000000000000000e+00
6.209374906551620919e-07,1.002790696586022370e-05,6.429684336619763130e-01,5.994852024371568611e-01,5.995322956563290395e-01,2.000000000000000000e+00,1.000000000000000000e+00,1.000000000000000000e+00,2.000000000000000000e+00,2.000000000000000000e+00
1.632931424845448707e-06,9.391456623798948245e-06,5.310836698548135892e-01,5.919932533493797999e-01,4.717118275816422068e-01,2.000000000000000000e+00,2.000000000000000000e+00,2.000000000000000000e+00,2.000000000000000000e+00,4.000000000000000000e+00
6.431235182197277966e-01,7.066200414763472715e-01,7.349204173651638916e-01,7.779548062488562676e-01,7.602532310651861636e-01,1.000000000000000000e+00,1.000000000000000000e+00,1.000000000000000000e+00,1.000000000000000000e+00,1.000000000000000000e+00
6.952698580539977691e-01,7.702778495365090183e-01,7.308607932384623140e-01,7.122099108683206392e-01,8.359196003675284370e-01,2.000000000000000000e+00,2.000000000000000000e+00,2.000000000000000000e+00,2.000000000000000000e+00,2.000000000000000000e+00
8.166341160022061265e-07,1.467126522356011818e-04,3.946263571635800771e-01,2.597698528218928549e-01,3.479733018638549447e-01,2.000000000000000000e+00,1.000000000000000000e+00,3.000000000000000000e+00,2.000000000000000000e+00,3.000000000000000000e+00
1.406663203888406321e-07,1.411000702195232037e-05,4.979535504091858744e-04,2.772622815862356704e-01,9.274379717278641300e-02,1.000000000000000000e+00,1.000000000000000000e+00,1.000000000000000000e+00,2.000000000000000000e+00,2.000000000000000000e+00
3.525012878449611489e-06,2.398274540715281296e-03,6.860075760475426998e-01,7.058886611988212101e-01,5.387775269093596497e-01,2.000000000000000000e+00,1.000000000000000000e+00,1.000000000000000000e+00,2.000000000000000000e+00,4.000000000000000000e+00
6.121000197784274693e-06,1.977620028750441510e-04,7.608404936052788337e-01,7.144750283941248004e-01,5.437385137357100273e-01,1.000000000000000000e+00,2.000000000000000000e+00,1.000000000000000000e+00,1.000000000000000000e+00,3.000000000000000000e+00
8.627490831008223282e-06,5.452052478102959875e-05,4.859593241336729874e-01,2.663703076755877808e-01,3.154800394702983457e-01,3.000000000000000000e+00,1.000000000000000000e+00,2.000000000000000000e+00,2.000000000000000000e+00,3.000000000000000000e+00
2.641245637671719645e-06,3.346835582946087184e-01,7.742125152592110870e-01,7.724663810460685731e-01,7.267837003511591343e-01,3.000000000000000000e+00,1.000000000000000000e+00,2.000000000000000000e+00,2.000000000000000000e+00,4.000000000000000000e+00
1.220408024446388573e-05,6.181287374303926169e-06,3.287532066956796450e-01,3.161043530694542802e-01,3.154800394702983457e-01,3.000000000000000000e+00,1.000000000000000000e+00,2.000000000000000000e+00,2.000000000000000000e+00,2.000000000000000000e+00
5.168183846621888177e-06,2.236627322374817872e-02,7.090160296568492893e-01,5.678117075108370937e-01,6.840786118398070048e-01,2.000000000000000000e+00,1.000000000000000000e+00,3.000000000000000000e+00,2.000000000000000000e+00,4.000000000000000000e+00
1.043057667285006342e-06,2.966996362752679603e-05,5.206881427901635107e-01,4.114714270076926805e-01,3.973405506918895047e-01,2.000000000000000000e+00,2.000000000000000000e+00,2.000000000000000000e+00,2.000000000000000000e+00,3.000000000000000000e+00
7.098275561954592305e-01,8.054211268000113222e-01,8.309793937298628475e-01,7.854344093617758871e-01,7.749704795962089054e-01,3.000000000000000000e+00,2.000000000000000000e+00,3.000000000000000000e+00,1.000000000000000000e+00,4.000000000000000000e+00
4.306908773544645408e-01,5.514159318994065195e-01,7.742844318072779064e-01,8.137412331235980290e-01,7.519812724145407135e-01,2.000000000000000000e+00,1.000000000000000000e+00,2.000000000000000000e+00,2.000000000000000000e+00,4.000000000000000000e+00
5.494638754343955656e-01,6.205647805235638970e-01,7.950230262953961180e-01,8.063970902591044432e-01,7.162881613300768890e-01,1.000000000000000000e+00,1.000000000000000000e+00,1.000000000000000000e+00,1.000000000000000000e+00,2.000000000000000000e+00
3.708014820840095624e-07,3.811775120044370163e-06,3.963224488514772714e-01,4.575529551269493234e-01,4.261902912715390679e-01,2.000000000000000000e+00,1.000000000000000000e+00,2.000000000000000000e+00,3.000000000000000000e+00,4.000000000000000000e+00
6.463565015626772103e-01,6.827913537655561083e-01,7.212579579593626500e-01,8.787655641832796682e-01,7.142537864161434547e-01,2.000000000000000000e+00,2.000000000000000000e+00,2.000000000000000000e+00,2.000000000000000000e+00,5.000000000000000000e+00
1.938486477552767560e-05,6.140898878942134564e-05,8.015526963723842990e-02,2.843393091041199749e-01,1.631061107200267868e-01,1.000000000000000000e+00,2.000000000000000000e+00,1.000000000000000000e+00,2.000000000000000000e+00,2.000000000000000000e+00
5.832992222886471654e-05,4.067135308165842442e-07,3.826749717831879338e-01,4.213852429907217756e-01,4.263852505125111381e-01,2.000000000000000000e+00,2.000000000000000000e+00,2.000000000000000000e+00,3.000000000000000000e+00,3.000000000000000000e+00
1.477933021916474508e-06,4.260858521885706705e-05,8.057370284037329577e-01,7.961222455466753223e-01,6.447956221699427948e-01,2.000000000000000000e+00,1.000000000000000000e+00,1.000000000000000000e+00,1.000000000000000000e+00,3.000000000000000000e+00
5.179422572005861758e-01,6.364268713112730680e-01,8.137967516501338761e-01,8.159083619957694378e-01,7.611208883258062663e-01,2.000000000000000000e+00,1.000000000000000000e+00,1.000000000000000000e+00,2.000000000000000000e+00,3.000000000000000000e+00
9.941610145288865008e-06,1.504824867871318306e-06,7.595504685309256709e-01,7.404878547755461282e-01,6.716645626258712642e-01,1.000000000000000000e+00,1.000000000000000000e+00,1.000000000000000000e+00,1.000000000000000000e+00,2.000000000000000000e+00
2.530114727741625928e-05,3.085028181003295544e-06,3.005639502458615775e-01,3.738432668237222645e-01,1.531925932583093897e-01,1.000000000000000000e+00,1.000000000000000000e+00,1.000000000000000000e+00,2.000000000000000000e+00,3.000000000000000000e+00
2.921719113046320524e-06,1.607063309500555981e-04,3.861343221416946858e-01,4.819968535756786743e-01,3.000243152602530272e-01,2.000000000000000000e+00,2.000000000000000000e+00,2.000000000000000000e+00,2.000000000000000000e+00,4.000000000000000000e+00
4.232474146807426691e-07,1.070231263621506643e-05,2.530433977571519000e-01,1.990237292117365275e-01,2.352585029402991246e-01,2.000000000000000000e+00,2.000000000000000000e+00,2.000000000000000000e+00,3.000000000000000000e+00,2.000000000000000000e+00
1.220408024446388573e-05,1.764704139457360017e-04,3.287532066956796450e-01,4.012470001951656817e-01,3.768036118298170867e-01,2.000000000000000000e+00,2.000000000000000000e+00,2.000000000000000000e+00,2.000000000000000000e+00,2.000000000000000000e+00
5.426838871627346001e-06,8.864906900269376930e-04,7.703836983069723976e-01,7.906517682455376228e-01,6.938324074689634635e-01,1.000000000000000000e+00,1.000000000000000000e+00,1.000000000000000000e+00,1.000000000000000000e+00,2.000000000000000000e+00
2.518510696949645431e-06,4.503912685487469520e-06,3.096815896351994835e-01,2.829773746867642048e-01,1.996123489265346218e-01,2.000000000000000000e+00,2.000000000000000000e+00,3.000000000000000000e+00,2.000000000000000000e+00,4.000000000000000000e+00
7.098275561954592305e-01,8.418150692801885659e-01,8.309793937298628475e-01,7.854344093617758871e-01,7.749704795962089054e-01,3.000000000000000000e+00,2.000000000000000000e+00,2.000000000000000000e+00,1.000000000000000000e+00,4.000000000000000000e+00
1.911658775596637206e-06,8.031935643959570159e-03,5.557100036783275687e-01,6.835915200875151143e-01,5.001987572133275162e-01,2.000000000000000000e+00,1.000000000000000000e+00,3.000000000000000000e+00,2.000000000000000000e+00,4.000000000000000000e+00
3.525012878449611489e-06,2.398274540715281296e-03,6.860075760475426998e-01,7.058886611988212101e-01,5.387775269093596497e-01,2.000000000000000000e+00,1.000000000000000000e+00,1.000000000000000000e+00,1.000000000000000000e+00,3.000000000000000000e+00
5.192699839388742467e-01,5.902360825853367743e-01,7.052412942971898469e-01,7.134954407534112031e-01,7.275038431228586511e-01,1.000000000000000000e+00,1.000000000000000000e+00,1.000000000000000000e+00,1.000000000000000000e+00,1.000000000000000000e+00
5.794670078159990824e-06,1.773121773560981662e-03,6.565026721323077297e-01,7.324437336529725506e-01,6.105927891219203874e-01,1.000000000000000000e+00,1.000000000000000000e+00,1.000000000000000000e+00,2.000000000000000000e+00,3.000000000000000000e+00
1.779769106854484301e-05,4.893742686672636691e-03,6.840646476757107353e-01,7.965760001046898742e-01,6.279112616777738909e-01,2.000000000000000000e+00,1.000000000000000000e+00,1.000000000000000000e+00,2.000000000000000000e+00,4.000000000000000000e+00
2.427776060280824297e-07,3.811775120044370163e-06,3.963224488514772714e-01,4.575529551269493234e-01,3.517419420521644691e-01,1.000000000000000000e+00,1.000000000000000000e+00,2.000000000000000000e+00,3.000000000000000000e+00,4.000000000000000000e+00
1.008924268579170777e-05,2.682761568191187980e-04,4.375512642592337409e-01,3.168201783372860403e-01,2.613967236318657239e-01,2.000000000000000000e+00,1.000000000000000000e+00,2.000000000000000000e+00,2.000000000000000000e+00,3.000000000000000000e+00
2.529605084240563184e-04,8.897833742109789376e-04,4.916989669243343464e-01,5.152946725378950710e-01,4.737314411795205404e-01,1.000000000000000000e+00,1.000000000000000000e+00,2.000000000000000000e+00,2.000000000000000000e+00,2.000000000000000000e+00
4.663136521097882391e-05,2.567318917240852573e-04,6.313651960286729148e-01,6.839351805099747050e-01,6.562567219010504438e-01,1.000000000000000000e+00,1.000000000000000000e+00,2.000000000000000000e+00,2.000000000000000000e+00,3.000000000000000000e+00
5.222348516837610477e-01,6.968686404043514804e-01,6.992789427123016210e-01,6.792599341972852534e-01,7.154176465463024659e-01,2.000000000000000000e+00,1.000000000000000000e+00,1.000000000000000000e+00,1.000000000000000000e+00,1.000000000000000000e+00
3.525012878449611489e-06,2.398274540715281296e-03,6.860075760475426998e-01,7.050536644672497077e-01,5.367506708914335789e-01,2.000000000000000000e+00,1.000000000000000000e+00,1.000000000000000000e+00,1.000000000000000000e+00,2.000000000000000000e+00
2.833444604469278558e-06,4.342994456817436232e-05,7.608216554720177438e-01,7.449957723497032669e-01,5.838349490993156587e-01,1.000000000000000000e+00,1.000000000000000000e+00,1.000000000000000000e+00,1.000000000000000000e+00,3.000000000000000000e+00
8.845465996202360568e-06,6.956883181035567040e-05,4.623033343934166428e-01,3.621330697419773426e-01,3.525963122292340435e-01,2.000000000000000000e+00,1.000000000000000000e+00,3.000000000000000000e+00,2.000000000000000000e+00,4.000000000000000000e+00
1.947088301838362061e-06,3.699080764804608089e-05,3.093128151840383588e-01,3.121925647810236404e-01,2.806291753913052744e-01,1.000000000000000000e+00,1.000000000000000000e+00,5.000000000000000000e+00,1.000000000000000000e+00,3.000000000000000000e+00
4.872440908393175230e-01,6.036808866104668159e-01,7.690193202087367563e-01,7.780990052443226279e-01,7.026313032503872513e-01,1.000000000000000000e+00,1.000000000000000000e+00,1.000000000000000000e+00,1.000000000000000000e+00,2.000000000000000000e+00
2.272310753736287727e-05,1.331743373971449543e-03,7.335980123699816779e-01,7.555968256126408544e-01,7.267898731962547654e-01,1.000000000000000000e+00,1.000000000000000000e+00,1.000000000000000000e+00,2.000000000000000000e+00,2.000000000000000000e+00
7.177697755150005410e-01,8.780606004293941558e-01,8.804719965537329829e-01,8.005844212664970927e-01,8.036721922713880861e-01,3.000000000000000000e+00,2.000000000000000000e+00,2.000000000000000000e+00,1.000000000000000000e+00,3.000000000000000000e+00
7.711224729986007054e-01,8.390504086417783780e-01,9.319658050073921229e-01,8.814474836074494002e-01,8.496756116216183097e-01,2.000000000000000000e+00,1.000000000000000000e+00,2.000000000000000000e+00,1.000000000000000000e+00,3.000000000000000000e+00
7.615590492698611769e-01,8.596702324029231734e-01,7.590205616924826648e-01,8.213329443688361930e-01,8.755192025097711106e-01,5.000000000000000000e+00,3.000000000000000000e+00,2.000000000000000000e+00,2.000000000000000000e+00,3.000000000000000000e+00
3.037211010895766387e-08,5.283793168625866912e-03,5.550795124677799786e-01,5.326991352383495526e-01,5.031089698832375001e-01,2.000000000000000000e+00,1.000000000000000000e+00,2.000000000000000000e+00,1.000000000000000000e+00,2.000000000000000000e+00
4.638505021711650800e-01,5.631321575951888647e-01,7.339879215427872472e-01,7.595562773630833986e-01,6.453362997632101639e-01,2.000000000000000000e+00,2.000000000000000000e+00,1.000000000000000000e+00,2.000000000000000000e+00,3.000000000000000000e+00
2.133242665396621737e-06,5.630418201208565532e-05,5.606677623798366206e-01,5.681416700948844767e-01,5.503804309423282470e-01,1.000000000000000000e+00,1.000000000000000000e+00,1.000000000000000000e+00,2.000000000000000000e+00,2.000000000000000000e+00
4.913825329565796873e-01,6.678794107377060696e-01,7.777878579900312506e-01,7.662251522904123258e-01,7.015480763430698152e-01,2.000000000000000000e+00,1.000000000000000000e+00,1.000000000000000000e+00,1.000000000000000000e+00,2.000000000000000000e+00
1.244543492468769968e-01,5.923460735147251244e-02,6.609964718840540820e-01,7.531006157301775028e-01,6.766340517823051792e-01,1.000000000000000000e+00,1.000000000000000000e+00,2.000000000000000000e+00,2.000000000000000000e+00,3.000000000000000000e+00
3.077486966887997446e-05,1.556873372063269367e-04,6.825330002051025469e-01,6.407502194441654364e-01,5.226115088287063282e-01,2.000000000000000000e+00,2.000000000000000000e+00,3.000000000000000000e+00,1.000000000000000000e+00,5.000000000000000000e+00
1.762509804676319711e-03,6.997748507193991266e-04,7.426462380649082595e-01,7.630227822862944986e-01,6.753717988076846090e-01,1.000000000000000000e+00,1.000000000000000000e+00,1.000000000000000000e+00,2.000000000000000000e+00,3.000000000000000000e+00
8.863095644125323913e-01,9.078849140602314183e-01,8.747860444334513152e-01,9.197107629884766489e-01,9.271205431017258691e-01,1.000000000000000000e+00,1.000000000000000000e+00,1.000000000000000000e+00,1.000000000000000000e+00,1.000000000000000000e+00
4.339781226054162944e-01,4.840118382632112581e-01,7.640520521522404795e-01,7.641072759938084547e-01,6.896482239964780714e-01,1.000000000000000000e+00,1.000000000000000000e+00,1.000000000000000000e+00,1.000000000000000000e+00,2.000000000000000000e+00
4.908012753630094371e-01,6.168877487392749881e-01,7.696822142721575499e-01,7.493548735467362443e-01,7.598936139467658002e-01,1.000000000000000000e+00,1.000000000000000000e+00,2.000000000000000000e+00,1.000000000000000000e+00,2.000000000000000000e+00
2.472340512291876992e-06,3.875565229071473248e-06,7.499960030723741289e-01,7.265000072812461962e-01,6.561721354165104270e-01,1.000000000000000000e+00,2.000000000000000000e+00,1.000000000000000000e+00,1.000000000000000000e+00,2.000000000000000000e+00
2.131834094666015843e-04,1.172511224396821650e-08,2.808837939956315144e-01,8.359218022576858642e-02,2.085806527862791859e-01,1.000000000000000000e+00,1.000000000000000000e+00,5.000000000000000000e+00,1.000000000000000000e+00,3.000000000000000000e+00
2.109097670403319898e-06,4.055333231814594805e-03,4.577447869743888620e-01,3.932076145412901624e-01,3.634157490888190734e-01,2.000000000000000000e+00,1.000000000000000000e+00,1.000000000000000000e+00,2.000000000000000000e+00,2.000000000000000000e+00
7.139604652842130861e-01,7.387804971720408620e-01,8.143869692879716071e-01,8.761605103910229397e-01,7.873878160337028920e-01,1.000000000000000000e+00,1.000000000000000000e+00,2.000000000000000000e+00,2.000000000000000000e+00,4.000000000000000000e+00
5.495100653826416881e-01,5.327645190352290339e-01,7.817474012581052678e-01,7.655010835858402363e-01,6.527545758644175411e-01,2.000000000000000000e+00,2.000000000000000000e+00,3.000000000000000000e+00,1.000000000000000000e+00,5.000000000000000000e+00
6.299803303518081155e-01,6.968256614923989956e-01,8.218962570497747588e-01,8.206771178427731961e-01,7.667543565212434631e-01,1.000000000000000000e+00,1.000000000000000000e+00,1.000000000000000000e+00,1.000000000000000000e+00,2.000000000000000000e+00
3.491885936488557185e-04,1.348027398271146003e-03,7.878615496227675541e-01,7.693157396445906571e-01,7.193369769237449862e-01,1.000000000000000000e+00,1.000000000000000000e+00,2.000000000000000000e+00,1.000000000000000000e+00,3.000000000000000000e+00
6.751082628861231338e-01,7.091115043440128218e-01,7.670051886908568761e-01,7.722346466912549667e-01,7.804920474539128739e-01,1.000000000000000000e+00,1.000000000000000000e+00,1.000000000000000000e+00,1.000000000000000000e+00,1.000000000000000000e+00
1.357490959866415180e-04,5.472326640346787327e-05,3.651733979512152839e-01,5.541352575733433650e-01,4.304444458102789639e-01,1.000000000000000000e+00,2.000000000000000000e+00,1.000000000000000000e+00,2.000000000000000000e+00,2.000000000000000000e+00
